2 0.192597492481203 0.5835136942060085 0.050429118152524176 0.07922877467811155
2 0.8878756970998926 0.6777316899141631 0.0718883351235231 0.09635931974248935
2 0.723712761546724 0.42719746781115886 0.039699533834586395 0.0877940300429185
2 0.747854329215897 0.705568796137339 0.03862653383458639 0.08351135193133048
2 0.7006440945220193 0.6895089216738197 0.060085800214822786 0.0813700793991416
2 0.6405583925886145 0.6713077070815451 0.06008573469387761 0.0877940278969957
2 0.6416312932330827 0.5374753894849785 0.06652353383458645 0.0813700793991416
2 0.39645993823845327 0.4528933015021459 0.05686690118152524 0.08351141845493565
2 0.5933480923737916 0.4432573927038627 0.060085800214822786 0.09421801287553644
2 0.07779076691729322 0.1905818744635193 0.050429129967776584 0.08137006223175965
