0 0.6158947320954907 0.9085670189768977 0.047682015915119384 0.06425027887788773
0 0.04503479045092838 0.8006595066006601 0.04768203183023873 0.06589767326732672
0 0.14371011339522546 0.9052720775577557 0.051655523872679056 0.07083996039603968
0 0.3463587672413793 0.9069195734323431 0.04900653448275863 0.06095538778877878
0 0.5086101259946949 0.8064255668316832 0.04768205570291777 0.06095533828382841
0 0.6867555371352785 0.7322906641914191 0.04635753580901862 0.06425022937293726
0 0.6185437314323606 0.526360439768977 0.0476820968169761 0.06095538778877887
0 0.8006625795755969 0.2948948316831683 0.05165549336870033 0.05930789108910892
0 0.5986761803713527 0.29407109653465346 0.05033105570291776 0.060955311881188114
0 0.4403983401856764 0.19110599092409242 0.051655534482758655 0.0560130379537954
0 0.14039886007957558 0.058486911716171625 0.04768203580901856 0.06754517326732673
0 0.14768362201591512 0.5024725280528053 0.051655543766578264 0.06919251485148512
1 0.6807952599469496 0.9102144645214523 0.05298001326259948 0.06754516996699668
1 0.20728615649867377 0.9052721278877889 0.05430453315649867 0.06754516996699668
1 0.2748357029177719 0.9060958506600658 0.05695353050397877 0.06260283333333334
