2 0.9188940461254612 0.065185199044586 0.046082837638376395 0.054053936305732485
2 0.780184530904059 0.5389518742038216 0.043317956642066356 0.060413191082802534
2 0.7755762080258303 0.6971390597133759 0.03594463929889296 0.06518267993630576
2 0.7907835899446495 0.8958666855095541 0.04423956549815499 0.055643749999999916
2 0.5262676955719556 0.823529844745223 0.05161288191881916 0.057233530254776975
2 0.15714356826568265 0.7496031982484076 0.039631298892988935 0.06200302070063698
2 0.28387159778597787 0.225757125 0.04239626383763835 0.0572336035031847
2 0.4682032315498155 0.2257571313694268 0.036866332103321076 0.06041320222929937
2 0.6479265839483396 0.22019276353503187 0.04423956457564566 0.06518261942675159
2 0.5990786674354244 0.15501010748407645 0.03686630350553496 0.05564373726114651
2 0.5000004220479705 0.099366349522293 0.04516122970479709 0.05882341560509554
2 0.14838781734317344 0.14467625079617835 0.04792623800738008 0.050874272292993634
2 0.20184399354243543 0.09936637659235668 0.05161285424354242 0.055643750000000006
2 0.28433238791512916 0.10095617914012739 0.03963129797047971 0.05246414490445861
2 0.39124475461254615 0.10254597850318473 0.037787968634686336 0.05564374363057325
