1 0.05762408659217877 0.685050945945946 0.09665394227188083 0.08578378869778866
1 0.49535490595903164 0.3823566855036855 0.09107775232774677 0.08333285995085994
0 0.6830866014897579 0.8419127223587224 0.06133805959031656 0.08578378869778866
0 0.6840159664804469 0.7500015 0.06319678957169467 0.07843092628992625
0 0.6849453324022347 0.6556392923832923 0.06133805772811918 0.08578374938574944
0 0.6840159664804469 0.5600516953316953 0.06319678957169467 0.08578378869778873
0 0.7286254767225326 0.3198570417690418 0.05947938547486032 0.09068575921375921
0 0.6840159953445064 0.4424053255528255 0.06691430726256979 0.0906857567567568
0 0.18680578864059588 0.6838254434889435 0.061338072625698306 0.07843092628992625
0 0.3912660679702048 0.3860331351351351 0.061338117318435754 0.07597996068796069
