2 0.6588283113425926 0.33171425 0.03623745756172841 0.04131222506082726
2 0.21973832445987654 0.3329293096107056 0.03392440817901238 0.041312225060827296
2 0.38434886921296296 0.5388828284671533 0.03777946682098763 0.05467795863746961
2 0.4649193375771605 0.6743626283454988 0.03546641743827159 0.04860262165450112
2 0.7178104780092592 0.8541921721411192 0.0308404143518519 0.05103274087591234
2 0.7282191145833333 0.7776430596107056 0.03623745756172832 0.04131218734793188
2 0.5998460038580248 0.6506688102189782 0.04009251543209873 0.054677922141119335
2 0.5848113638117285 0.5589314105839416 0.039321522376543294 0.03645194768856442
2 0.5824983152006172 0.4058332238442823 0.037779489969135806 0.04374238199513387
2 0.6052430941358026 0.4981781709245742 0.04009251543209873 0.051032704379562074
2 0.1542025023148148 0.14580929440389293 0.032382412037037026 0.04617246472019465
2 0.34965343248456787 0.44167760401459855 0.04394752546296299 0.05710804257907543
2 0.4656903537808642 0.4471454111922141 0.03700844984567899 0.04374238199513387
2 0.4606788070987654 0.40279555535279804 0.037779442901234514 0.03766704501216545
