0 0.6066680791984732 0.15603614440078584 0.07047592175572524 0.04121679174852653
0 0.8390481965648855 0.41462274312377206 0.06285689312977095 0.038272849705304486
0 0.29809781393129775 0.7664378826129666 0.074285463740458 0.03729140176817295
0 0.4190497356870229 0.799803938113949 0.06857119274809162 0.033366025540275096
0 0.9114289036259541 0.8680079975442043 0.0780949484732825 0.04023547838899799
0 0.9133336603053435 0.8115801561886051 0.07428543511450382 0.041216836935166916
0 0.6257156202290076 0.6908736910609037 0.07047586259541984 0.03532874361493122
0 0.6238108339694656 0.6555449778978388 0.07428543511450382 0.03729140176817283
0 0.9104765095419848 0.7031406188605108 0.07238070610687018 0.036310102161100255
0 0.906667054389313 0.755643054027505 0.07999973473282447 0.03925411984282907
0 0.7085724751908397 0.7973505407662083 0.07999967557251907 0.03434738408644402
0 0.7171439246183207 0.8331699332023575 0.0780949484732825 0.03729140078585468
0 0.6028585944656488 0.86506392043222 0.081904463740458 0.04219819646365422
0 0.7238105305343511 0.9391561031434185 0.09523773282442743 0.04514227308447938
0 0.3571451784351145 0.9352306974459724 0.09333300572519085 0.035328742632612944
0 0.3400023950381679 0.8969579071709234 0.08571397709923662 0.043179555009823144
0 0.1695268358778626 0.9165849666011787 0.06476167938931297 0.04121683693516703
0 0.17047920706106873 0.7998039081532415 0.07428544847328243 0.03729140176817283
0 0.17143158492366412 0.7242396866404714 0.08761871946564884 0.041216836935166916
0 0.3219072328244275 0.6894016827111985 0.07999970610687018 0.038272760314341875
0 0.461906768129771 0.368499141453831 0.07428552099236646 0.04023544793713161
0 0.3580975715648855 0.29244428536345773 0.07619016221374045 0.0392541188605108
1 0.747619978053435 0.1472039474459725 0.08190452099236646 0.04514225049115914
1 0.35333569370229007 0.15063870776031435 0.07809494847328244 0.04023547838899802
