2 0.2981809177343223 0.695733875464684 0.02897573027646665 0.07050065427509293
2 0.3288412575859744 0.7244907360594796 0.03099727848954823 0.07606653903345721
2 0.3480461156439649 0.6799639451672863 0.033018846257585936 0.07606653717472125
2 0.9666442255563048 0.366421469330855 0.033018826028320944 0.0760665371747212
2 0.929245313890762 0.36642149721189593 0.036388147673634436 0.07977714684014871
2 0.9278976018206339 0.2745850436802974 0.03773577815239375 0.07050068215613385
2 0.9107143327714093 0.2087225864312268 0.03436653877275788 0.07235600185873607
2 0.8635445697909642 0.414658812267658 0.027628059339177394 0.07977708921933085
2 0.800202218476062 0.4805212760223048 0.030323401213755978 0.07421126208178438
2 0.7948113695212408 0.4109482462825279 0.027627977073499614 0.06122430297397768
2 0.8025607356709374 0.32189474814126395 0.02695416183411996 0.07235595724907062
2 0.8237871824005394 0.233768874535316 0.024932634524612276 0.08534297583643125
2 0.76314033816588 0.47959363847583636 0.026280347269049213 0.07235598698884761
2 0.759771016183412 0.3896125027881041 0.02762797707349977 0.08534297583643119
2 0.6084907309507754 0.5575154535315985 0.03638810654079563 0.0686454349442379
2 0.5070756948752528 0.602042187732342 0.024932594066082295 0.08348764312267662
2 0.49595711024949424 0.4833041905204461 0.030997299393122017 0.09090874535315986
2 0.5245958921105867 0.25046638568773233 0.03167111395819284 0.0853429163568773
2 0.20013514160485502 0.4016718243494424 0.039083530681051915 0.06864537732342005
2 0.19777664531355363 0.5881275892193308 0.026280306136210362 0.06307955018587352
2 0.2540434659474039 0.5899828652416357 0.02964958597437625 0.05936899814126392
2 0.07277670195549561 0.668832346654275 0.025606459878624407 0.08348764126394055
2 0.07210284288604181 0.5204098503717471 0.02830186918408631 0.0686453773234201
2 0.10444784120026972 0.40074417193308554 0.029649586648685097 0.07050062639405205
2 0.17082247269049225 0.17903810780669144 0.023584902225219143 0.07235595910780668
2 0.39184664969656097 0.24026236152416358 0.03840967430883344 0.07235600185873607
