1 0.30876618218085106 0.38638868884120164 0.06772897606382974 0.04823139484978541
0 0.5458175578457447 0.1907833653433476 0.050464711436170186 0.04287240021459227
0 0.6845955339095745 0.25991509388412015 0.04382458111702132 0.031082496781115843
0 0.9535193344414894 0.3697756657725322 0.04249662101063826 0.036441524678111535
0 0.8791503091755318 0.37727830740343354 0.05046471143617026 0.0364415246781116
0 0.8379816901595745 0.4308687956008584 0.04515270478723405 0.04287238304721031
0 0.5670658271276595 0.8440516067596566 0.04780870744680854 0.03751337231759664
0 0.7251000917553191 0.9464094629828326 0.04515270478723405 0.03858515557939914
0 0.7237720485372339 0.8954985134120172 0.0557767992021277 0.03965700321888413
0 0.7436923164893618 0.7497323165236051 0.039840617021276614 0.04394419957081549
0 0.7450203184840426 0.7090035960300429 0.04249662101063826 0.03751337231759664
0 0.7443563583776596 0.6698824833690987 0.043824703457446844 0.03858515557939914
0 0.7436923577127659 0.6195074254291846 0.047808707446808464 0.04072878648068675
0 0.7071718257978722 0.5257240262875537 0.03851253457446803 0.03536974141630898
0 0.25962946276595744 0.9512326153433477 0.041168598404255324 0.03751337231759652
0 0.38977531715425523 0.8665596303648069 0.04116857845744683 0.04180063412017161
0 0.22111690824468086 0.5755631604077254 0.04648064627659576 0.036441524678111535
0 0.2231089414893617 0.49035430096566524 0.047808667553191506 0.03751334012875534
0 0.2204529069148936 0.41425575643776824 0.04515264361702129 0.035369742489270405
0 0.38313522739361705 0.3847809983905579 0.04913667021276591 0.04072881866952793
0 0.26029348337765956 0.25937921137339054 0.05312077526595744 0.03644159012875536
0 0.39110329787234044 0.1918551813304721 0.05710480053191483 0.03858517167381973
1 0.6513950265957447 0.5235804120171674 0.06241688829787234 0.04394423175965661
1 0.8419657360372341 0.9458736040772533 0.07968115292553185 0.04180056866952788
1 0.844621861037234 0.893890839055794 0.07171306250000001 0.04501604721030047
1 0.654715071143617 0.8429797913090129 0.06905697739361698 0.04180056759656651
1 0.304118116356383 0.8644160321888411 0.06905697739361702 0.041800568669528
1 0.13014762500000002 0.5755631604077254 0.06640094414893617 0.04072878648068675
1 0.1268275751329787 0.4667744619098712 0.07304104388297872 0.039656971030042884
1 0.11686743085106384 0.39603499409871246 0.07171302127659575 0.04608782939914166
1 0.18194036236702127 0.25669969742489274 0.07436906515957448 0.04180061802575108
1 0.6049143809840425 0.25991512714592274 0.08366519813829786 0.04180058476394847
1 0.6221786057180851 0.0986077017167382 0.05444875664893619 0.042872392703862665
