0 0.8736487251521299 0.09293609307692308 0.03243240635564556 0.09370176461538463
0 0.8817567856659905 0.24500948384615387 0.03243240703177831 0.07526864769230769
0 0.8459459864773495 0.6251928946153846 0.03378376335361723 0.07987694307692314
0 0.5783785496957403 0.6006153753846154 0.03243240703177816 0.0737325353846154
0 0.5719596446923597 0.5307230553846154 0.031756728194726185 0.07526869538461545
0 0.5408786159567275 0.4170520723076923 0.034459483434753246 0.08755732615384619
0 0.49864886984448953 0.41551597076923075 0.0351350797836376 0.07834080615384612
0 0.4351353931710616 0.41628402769230766 0.03648647802569308 0.07987692000000003
0 0.3952705223123732 0.7480804438461538 0.03513512035158897 0.07987689692307684
0 0.4290543066260988 0.7119822338461539 0.0351350797836376 0.07526864923076923
0 0.3864867832995267 0.6251928946153846 0.03378376402974982 0.07066035230769226
0 0.09662203617308994 0.7557609207692308 0.03378376402974984 0.07987689692307702
0 0.11385175726842461 0.4347171492307692 0.03310808519269777 0.08294907692307696
0 0.09831122481406357 0.63901778 0.03581079445571333 0.07987694461538468
0 0.0692571828938472 0.37941775999999994 0.03581078904665314 0.07066032923076919
1 0.43277053887762 0.6236567807692308 0.04527025828262338 0.07680471538461539
1 0.49594617613252195 0.5314911123076923 0.03783783569979711 0.07987694461538468
1 0.43344621737660577 0.5299550453846154 0.038513471940500386 0.07987694307692314
