2 0.6673503618331053 0.33111822170439414 0.07786870998632013 0.055850946737683094
0 0.44945456224350205 0.3105065539280959 0.05464470861833108 0.04654245539280959
0 0.4733616607387141 0.4474743721704394 0.06420756497948021 0.057180757656458046
0 0.6939896190150479 0.5019955892143808 0.06010915047879612 0.05984029693741679
0 0.2998647106703146 0.08444310386151797 0.05874306019151848 0.05186157656458056
0 0.163935988372093 0.08510798069241013 0.06284140218878248 0.05319140213049267
2 0.42008306292749664 0.2606395818908122 0.07240422708618328 0.0398935446071904
2 0.3804656415868673 0.08311330559254328 0.0724042489740082 0.05718075233022637
2 0.331968450752394 0.8351066990679095 0.08469928454172367 0.05053182689746999
2 0.7069677311901506 0.6363038169107856 0.08060093160054721 0.057180757656458046
2 0.6386618761969904 0.5877666857523303 0.08060093160054721 0.05053182689746999
2 0.22541129616963068 0.5026604547270306 0.06557365389876879 0.05319140745672439
