1 0.9567902027194066 0.6621394779099405 0.07160487515451165 0.05602711045029733
2 0.7734571155747838 0.7593380420560748 0.06049376143386906 0.0483870849617672
2 0.773457153893696 0.820882974086661 0.07283938566131037 0.03904922429906537
2 0.5962969542645241 0.8824279061172472 0.06913570580964147 0.041595847918436686
2 0.49691432941903585 0.8404075862361937 0.06790112113720642 0.042444791843670386
2 0.33765533992583435 0.8832767973661853 0.08271593325092705 0.041595847918436686
2 0.23518634734239804 0.8225807574341546 0.06543200741656366 0.044142575191163914
2 0.48518596044499385 0.7979627948173322 0.06419744128553774 0.03735144180118952
0 0.696296758343634 0.37691047323704335 0.06419751668726822 0.04923592523364488
0 0.196297522249691 0.42699531563296517 0.06666655500618048 0.03735144180118942
0 0.16605067428924597 0.3705437595581988 0.058024619283065536 0.04499146644010194
