0 0.14359781023316062 0.39206864453125 0.05950829922279792 0.061118244791666644
0 0.14489147668393784 0.5195066731770833 0.05950831865284976 0.06371899479166669
0 0.14295099158031088 0.648895263671875 0.058214661917098454 0.06501944921874998
1 0.21733635816062177 0.9330300494791667 0.06468293652849741 0.06631978385416663
1 0.32665056023316064 0.9336801764322917 0.060801985751295334 0.06501936848958338
2 0.5853823329015544 0.5702217819010417 0.0763258860103627 0.06892053255208326
2 0.5064691334196891 0.654096841796875 0.08150051295336791 0.0702209466145834
2 0.3395871275906736 0.5754233600260417 0.07632586658031086 0.06371903515625006
2 0.8001297079015546 0.6306898196614584 0.07891323963730569 0.0650193684895833
2 0.7904272130829015 0.39987099218749994 0.06985750388601032 0.05851745572916663
2 0.5420447629533679 0.414825439453125 0.07761956217616581 0.06501936848958338
2 0.5194057409326425 0.34330409765625 0.08150051295336784 0.05721708072916665
2 0.2697295647668394 0.34265391015625 0.07373855181347151 0.06111820572916663
