0 0.2334050860714286 0.9151235432543771 0.04139896928571427 0.06069949433573636
1 0.5674520435714285 0.41512407826982495 0.03854387571428577 0.06481474768280122
1 0.4389724732142858 0.5817905669412977 0.04282653785714282 0.07098759526261583
1 0.406138785 0.7253089222451081 0.03426121285714284 0.061728355303810586
1 0.35902959535714285 0.6584365798146241 0.03568880357142859 0.06378595056642634
1 0.2733765303571429 0.7417698712667353 0.03711630642857143 0.06378595056642634
0 0.29871555857142856 0.815329428939238 0.046395394285714285 0.0586419001029866
0 0.39257701321428573 0.846707973223481 0.04568163214285716 0.06584354479917609
0 0.5349752807142857 0.5807617693099897 0.04211277571428573 0.05864189907312049
0 0.64132782 0.4120376699279094 0.04211277571428573 0.06069952523171986
0 0.40613874178571435 0.2818937842430484 0.044254063571428574 0.06172830792996908
0 0.3554607282142857 0.18570046086508757 0.04282653785714286 0.06275710504634398
