0 0.8733721304347826 0.3043043125 0.05933413333333337 0.07096746120689656
1 0.953690415942029 0.30107849245689655 0.054992675362318943 0.08172004094827585
1 0.7170773050724638 0.8612909644396552 0.050651175362318876 0.07526845043103444
1 0.7149065318840581 0.7903235862068966 0.04920393333333334 0.07096744396551727
1 0.6230108949275363 0.8569899590517241 0.05354547971014489 0.07096744396551727
1 0.6237345159420289 0.7903235862068966 0.04920393333333334 0.07096744396551727
0 0.6382062608695651 0.36774489008620687 0.04920393333333334 0.08172005603448275
0 0.5043425630434782 0.8569899590517241 0.050651128985507235 0.07096744396551727
0 0.5043425847826086 0.7870977338362068 0.05354547971014497 0.07741901939655167
0 0.17511026159420287 0.681721917025862 0.04630958405797102 0.08172002370689656
