1 0.03156923445463812 0.5768183406593407 0.038696495412844034 0.05075437912087911
1 0.11201720897043832 0.7592596950549452 0.03869648318042813 0.05075433791208793
1 0.38492933384301736 0.47668140521978014 0.038696506625891955 0.053497859890109876
1 0.6614056666666666 0.28258022870879124 0.03971484811416915 0.054869578296703296
1 0.9674135107033639 0.20919217101648352 0.04073315800203867 0.05624133928571427
1 0.8635439311926606 0.10425408859890109 0.04073315902140678 0.0548696304945055
0 0.9857434067278287 0.8628260851648352 0.02851318654434255 0.05486959890109889
0 0.9338086172273191 0.7071336181318681 0.03869647604485216 0.04801085714285716
0 0.7423627349643223 0.7297673070054945 0.03869647502548417 0.05212611950549449
0 0.2031576483180428 0.9080934629120879 0.0376781651376147 0.05486959890109889
0 0.16700697961264016 0.7578879972527471 0.03869650764525994 0.05075433791208793
0 0.08757732976554537 0.5768183406593407 0.040733159021406735 0.05075437912087911
0 0.4501023909276249 0.4759954931318681 0.04073315902140672 0.049382640109890096
0 0.7128312385321101 0.28258025 0.03869647502548417 0.04663913736263737
0 0.9582485 0.28326609958791205 0.040733220183486255 0.05075435851648352
0 0.8900204658511723 0.3038421881868132 0.03869647502548417 0.05349781868131869
0 0.8701630417940877 0.1755845467032967 0.03767816513761464 0.05212606593406594
0 0.5957234393476045 0.13374648763736266 0.03665985524974512 0.05075434890109891
0 0.5407336870540265 0.13854757211538463 0.03665985524974523 0.054869578296703296
0 0.44857490978593273 0.1447204072802198 0.03971481651376148 0.05349786950549449
1 0.2057034627930683 0.2818943482142857 0.038696491335372056 0.053497817307692326
0 0.2673123873598369 0.2812084993131868 0.03767818144750256 0.049382597527472545
