0 0.6842274236421725 0.6172036543560606 0.04022985047923313 0.1115308238636364
0 0.8697318274760384 0.3024599772727273 0.03959126389776366 0.10585975757575761
0 0.6848660111821087 0.20510680018939395 0.04022985111821098 0.10775009659090908
0 0.5478929025559106 0.3052955104166667 0.04086843897763579 0.1039693996212121
0 0.16443201118210862 0.31096654924242423 0.04278415271565497 0.10775011363636366
0 0.08173728434504791 0.36767714015151515 0.04469985175718849 0.1001886893939394
1 0.8164113201277955 0.24858492045454544 0.05172411629392967 0.11909218939393938
1 0.7333973063897764 0.12287649242424242 0.04406129904153352 0.10585974242424244
1 0.5453386300319489 0.17958707575757576 0.04980843194888179 0.1134211515151515
1 0.08205656837060701 0.21077786079545452 0.044061283706070285 0.10775011174242424
1 0.16443201118210862 0.1748611931818182 0.04278415271565497 0.11909220454545456
1 0.2793745047923323 0.17675154924242423 0.05172411629392971 0.10775009848484847
