1 0.9490741452111227 0.4806325970873786 0.05041145623069001 0.09443042233009712
1 0.898662657569516 0.4806325970873786 0.048353924819773374 0.09443042233009712
1 0.847222403707518 0.47942193082524276 0.05452670854788875 0.09685175485436896
1 0.7427986369721935 0.48305387378640774 0.051440316168898124 0.09443046116504854
1 0.6877574979402677 0.4782113009708738 0.05041145520082389 0.09927301456310682
1 0.6332308831101957 0.4806325970873786 0.04835392481977349 0.09443042233009712
1 0.2489719727085479 0.4140470182038835 0.055555475798146244 0.10169434708737861
1 0.2484575895983522 0.3062994878640777 0.05658430381050462 0.09927301456310682
1 0.24794318280123587 0.2021838859223301 0.04938267456230688 0.09927300485436893
1 0.1728403815653965 0.30387819174757286 0.051440268795056636 0.09443042233009712
0 0.45679070803295574 0.8450372572815534 0.04320984243048402 0.09685175728155336
0 0.45421869876416066 0.7627132754854369 0.040123418125643656 0.07748139077669898
0 0.4922844897013388 0.7651345716019416 0.040123418125643656 0.09685168203883497
0 0.49331328784757983 0.6162250121359223 0.040123418125643656 0.10411560679611646
0 0.4573051220391349 0.6101717912621359 0.040123418125643656 0.09200916504854371
0 0.45679070803295574 0.531479770631068 0.04320984243048402 0.08958783252427187
0 0.4799387940267765 0.4406812730582524 0.04423860762100928 0.10169427427184467
0 0.44547382492276 0.3510934211165048 0.03909461997940272 0.09200912864077668
0 0.44598822399588056 0.4382599575242719 0.04218101235839341 0.08716660922330091
0 0.37963028063851695 0.4128363895631068 0.04115221524201853 0.09443042475728157
0 0.34619410916580845 0.41404705582524265 0.04012341709577754 0.09685175728155343
0 0.3122435231719876 0.4104150946601942 0.042181044284243026 0.09927301456310675
0 0.378601483007209 0.3087207924757282 0.03909461997940272 0.09443040533980586
0 0.34619410916580845 0.3075101626213592 0.04012341709577754 0.09200914563106793
0 0.3107003115345005 0.30629949635922327 0.04115221524201853 0.08958781310679614
0 0.38065907775489183 0.19976258980582526 0.039094621009268776 0.09443041262135922
0 0.34619410916580845 0.20097325606796118 0.04012341709577754 0.09685174514563108
0 0.3107003115345005 0.1985519186893204 0.04115221524201853 0.08716653640776699
