0 0.1446480353477765 0.3809538392307692 0.04783592930444697 0.07066030615384612
0 0.1463564629418472 0.5307231023076923 0.044419074116305586 0.06297987846153844
0 0.6440778711516534 0.8533029876923078 0.0466969053591791 0.05990769538461529
0 0.5535313289623718 0.8463905215384616 0.0455580809578107 0.06758817230769235
0 0.6446473352337515 0.6382497230769231 0.045557977194982884 0.0629798769230769
0 0.6611621818700115 0.32872665384615385 0.04214112086659065 0.06144378769230772
0 0.4459004937286203 0.3387112192307692 0.044419083238312486 0.06605205692307695
0 0.1702744275940707 0.12980236307692306 0.04441908323831242 0.06605210461538462
1 0.22836090592930444 0.53379526 0.048974883694412746 0.06605205846153843
1 0.22836090592930444 0.3832579861538461 0.0512527765108324 0.0629798769230769
