1 0.9175979720279721 0.8281253477951636 0.07541888111888108 0.05681808677098156
1 0.08380067482517482 0.622159847083926 0.07262555664335664 0.056818044096728304
1 0.1710910020979021 0.7017051294452347 0.054469170629370636 0.08238617354196295
1 0.6675984202797203 0.18963232859174967 0.07541883776223775 0.05255668563300142
1 0.6962296706293706 0.06747347510668564 0.07122892447552445 0.055397564722617365
1 0.5635483755244756 0.12997334495021337 0.08240211328671328 0.05539763157894737
0 0.25419140839160836 0.8380684779516357 0.05027922517482518 0.051136261735419665
0 0.8372907734265734 0.4943191941678521 0.05446913846153843 0.05397717354196306
0 0.7898048237762236 0.4467340846372688 0.05167586293706301 0.05255669559032718
0 0.7451122363636364 0.191052780227596 0.05167586293706301 0.05255669559032716
0 0.40921901888111895 0.1598028293029872 0.053072544055944124 0.04971581507823612
