0 0.12026993398533008 0.9547437641921398 0.04761898777506112 0.042529910480349355
0 0.05738847127139365 0.8326065534934498 0.04395598655256723 0.03816789519650662
0 0.1398059174816626 0.8326064863537117 0.04517697432762837 0.040348902838427986
0 0.22222338936430316 0.7671758662663756 0.041513979217603886 0.040348902838427986
0 0.2588533710268949 0.717557615720524 0.04639796699266505 0.03707739082969434
0 0.3742378068459658 0.18429759497816595 0.04761898777506114 0.04143942358078601
0 0.2747263551344743 0.058343562772925774 0.04639796699266502 0.04471095087336245
0 0.161783913202934 0.0905136211790393 0.04761896821515894 0.03925843231441048
1 0.37912179400978 0.24209470633187774 0.04761894987775058 0.045801471615720526
1 0.604396195599022 0.9242094950873362 0.04639798533007342 0.04471098362445422
1 0.2405383661369193 0.8331517712882096 0.048839969437652786 0.047982494541484684
1 0.49023275244498776 0.9138496430131005 0.050061028117359366 0.043620480349344876
1 0.09646044926650366 0.435660432860262 0.04883998899755501 0.04252987663755456
1 0.43101426833740836 0.059434054039301305 0.048839988997555046 0.040348894104803495
1 0.17399390586797064 0.032171272925764195 0.05006098044009778 0.042529895196506545
