2 0.8154418942148761 0.6544018786127167 0.04871997685950407 0.06782090751445088
2 0.7985137181818182 0.5396835014450867 0.04789423636363631 0.06349195375722538
2 0.7997523785123967 0.38311814956647405 0.04871997685950417 0.053390877167630045
2 0.6275807780991736 0.38383965679190757 0.05284887851239668 0.04906192341040463
2 0.6436831636363637 0.650794387283237 0.04872007768595038 0.06349195375722538
2 0.6222133165289256 0.5404049869942196 0.05202313884297519 0.05916295664739884
2 0.34888567975206614 0.6544018562138728 0.045416966115702465 0.06493492341040458
2 0.3319575161157025 0.38600417774566476 0.04954579256198345 0.053390965317919085
2 0.32989310289256196 0.5404050086705202 0.04706849669421487 0.06204893930635836
2 0.17836555289256198 0.655123385115607 0.04293968264462811 0.0577198973988439
2 0.15813435289256197 0.5367974739884392 0.04541697851239669 0.060605924855491336
2 0.13377433966942148 0.3860041560693641 0.04789427438016528 0.050504982658959564
