1 0.3012998901170351 0.927152476790451 0.06493497659297795 0.06357604907161815
1 0.19285851365409623 0.9258279164456233 0.06623366189856957 0.06357604774535805
2 0.7792211170351105 0.6165569515915119 0.07792189336801035 0.07814556100795751
2 0.7668834830949285 0.3834447891246685 0.07922061768530561 0.056953490716180354
2 0.49090996814044213 0.3284779860742706 0.06753234460338099 0.06092698806366052
2 0.5168839193758128 0.39933880106100794 0.08051933940182056 0.059602570291777186
2 0.5629877457737321 0.5569544011936339 0.0740258426527958 0.062251529177718846
2 0.4857151345903771 0.648344976127321 0.0779219336801041 0.059602530503978804
2 0.3149362171651496 0.5596034403183023 0.06883104811443436 0.06490056763925728
2 0.24350777178153446 0.3264912473474801 0.07662324967490249 0.062251507957559675
0 0.27337785370611184 0.6834442579575597 0.06623366059817945 0.06622504641909818
0 0.11948200325097529 0.6384112407161804 0.057142755526658 0.06092704907161801
0 0.12402745513654097 0.5046366279840848 0.06883104811443434 0.0662250464190981
0 0.11948201300390116 0.37682231233421754 0.06493495708712614 0.06225156896551723
