1 0.10801630434782608 0.1507440476190476 0.09510869565217392 0.03898809523809524
1 0.5614809782608695 0.15029761904761904 0.08627717391304347 0.0380952380952381
1 0.8383152173913043 0.6455357142857143 0.10190217391304347 0.044642857142857144
0 0.3532608695652174 0.825297619047619 0.08695652173913043 0.04285714285714286
0 0.2686820652173913 0.7767857142857143 0.09578804347826086 0.04285714285714286
0 0.14300271739130435 0.8023809523809524 0.08220108695652174 0.036904761904761905
0 0.47146739130434784 0.7144345238095238 0.08831521739130435 0.04017857142857143
0 0.634171195652174 0.6930059523809524 0.08899456521739131 0.035416666666666666
0 0.352241847826087 0.6834821428571428 0.08899456521739131 0.033035714285714286
0 0.23607336956521738 0.643452380952381 0.08627717391304347 0.03333333333333333
0 0.6644021739130435 0.4099702380952381 0.07608695652173914 0.04375
0 0.23369565217391305 0.3619047619047619 0.08695652173913043 0.036904761904761905
0 0.11243206521739131 0.2910714285714286 0.09171195652173914 0.0380952380952381
0 0.3997961956521739 0.1587797619047619 0.08491847826086957 0.03601190476190476
