1 0.10846407934782609 0.15080952952380952 0.09544423260869565 0.039010474285714275
1 0.5618242173913044 0.1503337680952381 0.08676747826086961 0.038058951428571415
1 0.838395525 0.6455759680952381 0.10195173260869558 0.04471929619047625
0 0.35358221630434783 0.8254045176190477 0.08676748043478265 0.04281633619047625
0 0.26898393260869563 0.7768793595238095 0.0954442391304348 0.04281633619047625
0 0.14317107826086958 0.8025691442857144 0.08242910434782609 0.03710745619047624
0 0.47180291956521736 0.7145578438095238 0.08893664782608694 0.039961925714285695
0 0.6344919956521738 0.6931496757142857 0.088936647826087 0.03520455523809525
0 0.3524976478260869 0.6836349052380951 0.08893668260869567 0.03330159523809525
0 0.23644612391304348 0.6436730376190475 0.08676749565217393 0.03330159523809525
0 0.6648605347826088 0.41008616142857146 0.07592150000000006 0.0437678161904762
0 0.2342769456521739 0.36203672857142855 0.08676747826086958 0.037107485714285744
0 0.11280245326086956 0.2911519371428571 0.09110585434782609 0.03805896571428575
0 0.4002197597826087 0.15889705095238096 0.08459831086956528 0.03615603523809525
