0 0.20427583647260275 0.9255624253521126 0.05641007020547946 0.10393178028169013
0 0.09316504452054793 0.9199444830985917 0.05982887671232877 0.09269589577464785
0 0.1264982876712329 0.7893275295774648 0.06153827739726028 0.09550489014084498
0 0.20085704452054792 0.7345526464788732 0.0666664589041096 0.09831379436619711
0 0.27948928167808224 0.7907319830985916 0.05982887499999997 0.09831379718309852
0 0.9119660890410958 0.4157349718309859 0.05641007191780825 0.1123586309859155
0 0.7709408587328768 0.41713946619718306 0.05470066952054799 0.0983138394366197
0 0.6333344083904109 0.4213528915492958 0.059828823630137036 0.1011227915492958
0 0.5393175625 0.42135293521126754 0.06324767979452055 0.09550489014084507
0 0.3213694982876712 0.21629835211267606 0.058119500000000004 0.09550486760563379
1 0.7752143125000001 0.16433245633802818 0.05641007020547939 0.09269588732394368
1 0.7230777217465754 0.16152349014084508 0.05470072089041097 0.09831377464788732
1 0.5991464383561644 0.16152349718309858 0.06324768150684931 0.10393174929577463
1 0.20513053767123288 0.44382463943661976 0.058119472602739725 0.09550484507042256
