0 0.9489004501295337 0.30826581634819533 0.04010341839378237 0.06991496178343949
0 0.7917209287564767 0.14724960721868363 0.03880982124352333 0.061440454352441616
0 0.8551102474093265 0.3072065127388536 0.038809740932642556 0.0635590127388535
0 0.6209579229274612 0.7838992951167729 0.04139709455958547 0.06355904458598724
0 0.3796905356217617 0.8082635966029724 0.04010341839378244 0.06567765180467088
0 0.2781383335492228 0.7542384118895967 0.03880974222797926 0.06355904458598724
0 0.3564047143782383 0.4205534957537155 0.03492879145077723 0.06567768365180468
0 0.1384231787564767 0.3760621050955414 0.033635134715025904 0.06144040552016987
0 0.15265342746113988 0.1027582940552017 0.036222437823834205 0.061440397027600846
1 0.8745150783678757 0.14619029936305733 0.05174634844559582 0.06355907006369427
1 0.5187589022020725 0.7870772048832272 0.05692097538860104 0.06567764968152863
1 0.23350709715025905 0.4491550095541401 0.055627318652849735 0.06779629087048832
1 0.20439978044041449 0.3559351146496815 0.05174634844559586 0.06779628874734607
1 0.23350709715025905 0.04025856263269639 0.04786537823834199 0.06779628025477707
