0 0.7461541273100617 0.9153387617148555 0.05641020739219722 0.059760903290129654
1 0.14153936806981518 0.060757901794616154 0.06564095995893224 0.057768868394815556
1 0.5112825744353182 0.47858618344965104 0.05846146509240251 0.0587648673978066
1 0.5133338316221766 0.5567733444666003 0.058461466119096556 0.05976090229312068
1 0.472308227412731 0.7241038723828515 0.06051275462012324 0.059760903290129536
1 0.47384668634496924 0.8037850867397806 0.06358967248459961 0.05776889332003995
0 0.6010260610882957 0.4865543140578265 0.053333259753593314 0.054780847457627145
0 0.6087183706365503 0.5587653544366898 0.0543589507186858 0.05378481256231301
0 0.6000004322381931 0.33715205682951144 0.05743577412730997 0.050796767696909224
0 0.5579492150924026 0.0378495443668993 0.06153841375770017 0.051792787637088736
0 0.3225648321355236 0.06424394516450649 0.0625640749486653 0.06474095513459623
0 0.22307773100616018 0.06225192123629113 0.05846146611909652 0.056772853439680956
