0 0.6627520895856663 0.4376370334051724 0.04362414333706609 0.07956951939655171
0 0.07997878275475924 0.9301078405172414 0.04138697424412093 0.07096744396551727
0 0.23434100559910415 0.9301078739224138 0.039149832026875706 0.0666663728448276
0 0.5961973868980962 0.6860229558189654 0.03579414669652851 0.07311794612068959
0 0.4004481746920493 0.550539724137931 0.038031258678611464 0.06881690948275863
0 0.4384794333706607 0.5505397403017241 0.0380312586786114 0.07741901939655173
0 0.532998352743561 0.4365617489224138 0.04362414333706609 0.07741895043103449
0 0.950223813549832 0.4526906993534483 0.04362407502799546 0.07096741163793102
0 0.9502237452407614 0.3473148502155172 0.039149848824188156 0.07096741163793102
0 0.8836690767077268 0.3483901185344827 0.03803132698768203 0.07311794827586206
0 0.8176736007838745 0.3473148502155172 0.0380313269876819 0.07096741163793102
0 0.7527967502799552 0.3440890474137931 0.038031258678611526 0.07741895258620689
0 0.4390387452407615 0.3043043038793104 0.03691270212765954 0.07526841810344825
0 0.40100748656215 0.3000032650862069 0.036912702127659604 0.07526848275862069
1 0.9496644843225085 0.24516479741379307 0.04026837066069429 0.07741903448275862
1 0.8193514871220605 0.18387475431034483 0.03691273684210527 0.07526848275862069
1 0.7846758975363942 0.1817242198275862 0.036912668533034765 0.07526848275862069
1 0.6649892709966405 0.3043043200431034 0.04362414333706596 0.08387059267241379
1 0.40212604311310185 0.18710053340517244 0.03914981522956332 0.07741896767241378
1 0.40100746976483764 0.08279994612068965 0.04138696192609187 0.08387058620689655
1 0.33445273236282197 0.18602529094827586 0.04474266517357222 0.07526848275862069
1 0.3344527497200448 0.08387521228448276 0.04026840649496078 0.08172004094827585
