1 0.031379420197515134 0.5763948497854077 0.038547308059891684 0.050643776824034335
1 0.11181905065307422 0.7587982832618025 0.03886588085377509 0.050643776824034335
1 0.38483593501115004 0.47639484978540775 0.03886588085377509 0.05321888412017167
1 0.6611978337050016 0.28240343347639485 0.039821599235425297 0.054935622317596564
1 0.9671870022300095 0.20879828326180258 0.0407773176170755 0.056223175965665236
1 0.8633322714240204 0.10386266094420601 0.0407773176170755 0.054935622317596564
0 0.9856642242752469 0.8624463519313305 0.028671551449506213 0.054506437768240344
0 0.9337368588722523 0.7068669527896996 0.03886588085377509 0.048068669527897
0 0.7422746097483275 0.7293991416309012 0.03886588085377509 0.05193133047210301
0 0.2029308697037273 0.907725321888412 0.03759158967824148 0.054935622317596564
0 0.16693214399490283 0.7575107296137339 0.03886588085377509 0.050643776824034335
0 0.08728894552405225 0.5763948497854077 0.0407773176170755 0.050643776824034335
0 0.4499840713603058 0.47575107296137337 0.0404587448231921 0.04935622317596566
0 0.7126473399171711 0.2821888412017167 0.03886588085377509 0.046781115879828326
0 0.9582669640012743 0.2830472103004292 0.0407773176170755 0.051072961373390555
0 0.8899330997132845 0.30364806866952787 0.038547308059891684 0.0536480686695279
0 0.8700223000955718 0.17532188841201718 0.03759158967824148 0.05193133047210301
0 0.5955718381650207 0.1334763948497854 0.03663587129659127 0.050643776824034335
0 0.5406180312201339 0.13819742489270387 0.03695444409047467 0.054935622317596564
0 0.44839120739088884 0.1444206008583691 0.039821599235425297 0.0536480686695279
1 0.20563873845173622 0.2817596566523605 0.038547308059891684 0.0536480686695279
0 0.26728257406817457 0.28090128755364807 0.03759158967824148 0.04935622317596566
