2 0.8272643761682243 0.23964792984189723 0.04855266822429899 0.08086755533596834
2 0.7049489242990654 0.4339272875494071 0.05602240186915891 0.06706089920948617
2 0.7100842911214953 0.7741626541501977 0.058823458878504674 0.08086754150197625
2 0.6858079289719626 0.6923089011857708 0.060690906542056146 0.07100566007905144
2 0.5434177864485982 0.7771212015810277 0.05788973551401866 0.08283990513833991
2 0.5186745331775701 0.688364111660079 0.05508862149532714 0.07889511660079052
2 0.27544414485981306 0.6903365059288538 0.054154925233644895 0.07889517786561272
2 0.2983199359813084 0.7721902292490118 0.05508862149532708 0.08086754150197625
2 0.13492139299065417 0.7741626541501977 0.05508864953271027 0.08086754150197625
2 0.10877762196261682 0.6883641116600792 0.053221236448598136 0.07495038932806333
2 0.12838544392523363 0.4309686956521739 0.04948641308411215 0.07692275098814234
2 0.5378155574766356 0.4309686956521739 0.05415495420560754 0.06903323320158107
2 0.41503320140186917 0.23866175494071146 0.049486419626168225 0.07495038735177864
