1 0.3103458859432799 0.5893132245989304 0.09113288162762023 0.03511447211611915
1 0.3103458859432799 0.5507636482047364 0.08620679531442668 0.03740457219251336
1 0.5584982268803946 0.6194658739495797 0.08743835511713935 0.0374045729564553
1 0.7567737355117139 0.13244323491214668 0.08990132305795319 0.03893129029793736
1 0.3676118298397041 0.11832112070282658 0.0948274475955611 0.035114507257448434
1 0.2838680961775586 0.321756128342246 0.08990136128236746 0.04045796180290298
1 0.09975506720098644 0.5500002887700535 0.09605896794081382 0.045038163483575276
1 0.16748895437731198 0.7240459537815126 0.100985075215783 0.03740457219251336
1 0.1699520117139334 0.7625955534759359 0.09852204069050555 0.033587753246753234
1 0.27771048766954376 0.816030666921314 0.09975357213316889 0.0381679083269672
1 0.7229068631319359 0.9458015741023683 0.10098511220715176 0.03969467303284951
1 0.27955774229346486 0.8637405290297938 0.0886698199753391 0.04045796256684501
0 0.6779561633785451 0.9778626558441559 0.07019690135635012 0.03664123682200138
0 0.3922423187422935 0.8641222669977082 0.06773389519112206 0.03969467303284951
0 0.3910107595561036 0.816030666921314 0.0775861060419236 0.04580154621848745
0 0.27093706288532676 0.7629772444614209 0.07142846115906289 0.037404572956455384
0 0.2678582490752158 0.7240459770817418 0.07266000246609126 0.03587785485103132
0 0.6551729660912453 0.6232826459129106 0.06403935018495681 0.03893124446142095
0 0.6859610641183724 0.5843514251336898 0.07142851787916156 0.035877854087089385
0 0.5757395869297164 0.5503819572192514 0.06773389642416769 0.03664119022154313
0 0.4113309321824907 0.5870231474407944 0.06403927496917387 0.039694626432391085
0 0.41379399445129467 0.5492369067990832 0.06896539950678171 0.037404525592055024
0 0.37869552404438966 0.32213781970970207 0.07265998273736124 0.041221344537815154
0 0.6754930826140567 0.13091653399541633 0.07019690258939573 0.04045797402597404
0 0.4562816128236745 0.15190888617265086 0.0652708532675709 0.04122133231474407
