1 0.5197470713276836 0.8986176487889274 0.08039476694915251 0.04608288004613607
1 0.1057845783898305 0.593894544982699 0.07616345903954803 0.051843239907727844
1 0.15162369915254237 0.2955078339100346 0.07475302259887005 0.042626685121107295
1 0.4534566631355932 0.5034568985005766 0.07475302401129943 0.048387010380622805
1 0.5543027323446328 0.029955202422145333 0.07898436299435029 0.043778769319492504
1 0.9619182436440677 0.05414874625144176 0.07334262005649711 0.04147461361014994
1 0.768688697740113 0.0576049538638985 0.07052172598870061 0.04608286735870819
1 0.18758977471751412 0.9291475813148788 0.0789843403954802 0.04723494579008067
1 0.8152330903954802 0.8968895513264129 0.07052172598870061 0.0472349457900808
0 0.873060841101695 0.9302996464821224 0.05077556073446335 0.04262668627450973
0 0.7341331002824858 0.9009217785467127 0.052186093220338944 0.0460828811995386
0 0.2651636694915254 0.9285715490196079 0.05359651694915255 0.04147462053056526
0 0.44217319844632763 0.9003457462514418 0.046544306497175156 0.04493081660899653
0 0.47884446468926556 0.8277652306805076 0.04936520056497174 0.0426266851211072
0 0.5331462281073447 0.7655532641291811 0.04795475282485872 0.03801835524798152
0 0.17912715395480225 0.5938945628604382 0.05077563559322036 0.040322555940023
0 0.37799842725988697 0.5063370790080739 0.05077566807909601 0.04032252018454442
0 0.6488018573446328 0.06048512514417532 0.047954754237288094 0.03801837716262976
0 0.8765870007062148 0.05645287370242214 0.04654430649717507 0.041474550173010376
0 0.5528923079096045 0.08583071453287197 0.04795475423728818 0.04262663321799307
0 0.06558719632768362 0.29608386620530563 0.04654433615819209 0.03686629065743942
