1 0.8684051659587378 0.57728001933488 0.03274713895631065 0.04018544315545246
1 0.6234082712378641 0.2955954802784223 0.033959990291262114 0.03786709822119102
1 0.9584596875 0.43740375058004644 0.03335356432038836 0.0401853959783449
1 0.1628262557645631 0.2897994887857695 0.034566388956310694 0.03863985614849185
1 0.12492452093446602 0.28748113225058003 0.03153425060679612 0.03554865893271464
1 0.09066134769417475 0.2855491314771848 0.03456639320388349 0.042503834493426165
1 0.9542146702063108 0.8048687409126064 0.03335349089805824 0.040958272235112184
1 0.8905397433252427 0.9578826268368136 0.035779194174757216 0.04250388167053368
1 0.8165555045509709 0.9563370166279969 0.02850208434466015 0.04404944547563802
0 0.9057004244538835 0.7704792772621809 0.028502158373786314 0.03863988012374323
0 0.8702244065533979 0.7712520823665894 0.02789565898058258 0.04327661639597829
0 0.8899333176577671 0.8589645587780356 0.02728923361650487 0.04404944547563802
0 0.8432383862257281 0.8581917300850737 0.029714936286407662 0.034775877803557675
0 0.789872771237864 0.8597373874709976 0.024863530339805758 0.0440494447022429
0 0.8050334153519418 0.3906494988399072 0.02607638167475736 0.037867003866976036
0 0.8471801535194174 0.4486092718484145 0.024257104368932 0.0409582714617169
0 0.6088539975728156 0.5977591318638825 0.02546999271844662 0.04250383526682141
0 0.6488782272451458 0.5177746129156999 0.03274713895631065 0.040185442382057165
0 0.42571275212378634 0.5328441597061098 0.029108547936893242 0.037867051044083506
0 0.45451808677184463 0.4752707780355762 0.028502121359223302 0.04018544315545246
0 0.5515465597694175 0.4192429829853055 0.02607638167475729 0.034775877803557585
0 0.580655088895631 0.2967546411446249 0.02728927002427184 0.037094245939675155
0 0.5348697958131068 0.2944362726218097 0.027895695995145593 0.03709424671307036
0 0.44875704217233015 0.36514718870843 0.027895695995145593 0.03632148801237432
0 0.2013344441747573 0.3489184574632637 0.026682844660194164 0.037867074245939686
0 0.09126776608009708 0.33578093503480283 0.024863539441747587 0.03632141686001547
