0 0.5791202104029991 0.7107031482412061 0.05337069634489226 0.09698972026800674
0 0.3703188978444236 0.7015058559463987 0.053370725398312995 0.09531743718592968
0 0.29868976616682286 0.3854532286432161 0.05056173477038424 0.09197300335008379
0 0.1324913969072165 0.37876428140703516 0.05149807778819119 0.09197295142378557
1 0.5800565599812558 0.5501684958123954 0.05337069634489216 0.09698966834170862
1 0.5791202108716026 0.39297829145728647 0.055243394564198696 0.09030072026800673
1 0.37265972820993437 0.5167237604690118 0.05056176382380503 0.09030069681742042
1 0.07209819119025304 0.37625594891122277 0.052434408622305535 0.09364520770519265
1 0.07397085192127459 0.23411585594639867 0.05056175632614808 0.09030079731993303
1 0.23876471930646673 0.2382964388609715 0.05243441893158389 0.09197301507537688
