0 0.7028862478777589 0.6501970294028494 0.1273344651952462 0.038799636253410125
0 0.7092529711375212 0.715519854501364 0.10780984719864177 0.03789026977872082
0 0.7376910016977929 0.7746286753561685 0.100169779286927 0.04152773567747802
0 0.4533106960950764 0.8361624734768112 0.11714770797962648 0.03304031524704456
0 0.2894736842105263 0.8787511367080933 0.11375212224108659 0.032737193088814794
0 0.24066213921901528 0.7552288572294634 0.09762308998302208 0.03970900272809942
0 0.27164685908319186 0.6868748105486511 0.12224108658743633 0.042437102152167325
0 0.0768251273344652 0.8578357077902394 0.10611205432937182 0.033949681721733856
0 0.07809847198641766 0.8022127917550773 0.10865874363327674 0.03667778114580176
0 0.08234295415959253 0.7508335859351318 0.09507640067911714 0.036980903304031525
0 0.08743633276740238 0.696120036374659 0.12224108658743633 0.04152773567747802
0 0.10950764006791172 0.6489845407699303 0.09507640067911714 0.038799636253410125
0 0.8094227504244482 0.4127008184298272 0.09762308998302208 0.04092149136101849
0 0.26782682512733447 0.3661715671415581 0.1298811544991511 0.030918460139436194
0 0.12011884550084889 0.28917853895119733 0.10611205432937182 0.033949681721733856
0 0.47495755517826826 0.1579266444377084 0.09422750424448217 0.038799636253410125
1 0.6782682512733447 0.14913610184904516 0.12224108658743633 0.040618369202788725
1 0.11205432937181664 0.14807517429524097 0.1273344651952462 0.04092149136101849
