1 0.12760859127408997 0.5920433014268728 0.03263774892933619 0.0724464078478002
1 0.1639916790685225 0.5926371605231867 0.031567690042826536 0.0712588347205708
1 0.9026217408993576 0.1644904946492271 0.03210266274089934 0.07719708917954814
1 0.7399679180942185 0.10629578894173602 0.0321027280513918 0.0771970309155767
1 0.7621723640256959 0.2630651706302021 0.03477794967880089 0.07007119024970272
1 0.5591226777301928 0.23278019322235435 0.031032652034261216 0.0712588359096314
1 0.5502943573340471 0.10392050891795482 0.03370784100642396 0.0700711890606421
1 0.4892992269807281 0.10629581807372177 0.03370784154175592 0.07007113436385257
1 0.42027838169164883 0.163302822235434 0.036918100642398255 0.07482174435196196
1 0.3608883645610278 0.16389667181926276 0.03477794967880083 0.0760094435196195
1 0.5949707031584582 0.7583139173602852 0.03210266220556737 0.0771970618311534
1 0.35259516407922914 0.5647274750297265 0.03638309582441113 0.0748217348394768
0 0.4620119213062099 0.4964377711058264 0.036918100642398255 0.06650825326991679
0 0.3512575527301927 0.6508318055885851 0.029427505888650986 0.06413292627824019
0 0.2771537665952891 0.7440620992865636 0.03531298715203425 0.0771970618311534
0 0.23461766220556746 0.7488127170035671 0.03584804175588864 0.07482177170035674
0 0.16292157869379015 0.7470312675386445 0.033707857601713055 0.07363409036860871
0 0.09363321895074947 0.7476250356718193 0.03210271948608137 0.07007118906064201
0 0.9026217408993576 0.06235286504161713 0.03103265203426128 0.07244640546967895
0 0.7338149662740899 0.3788607455410226 0.03156772269807289 0.07600945303210463
0 0.7014447034261242 0.04869495659928656 0.02568220877944321 0.06413293341260404
0 0.5936330923447537 0.046319646254458974 0.03370787419700221 0.07125882639714624
0 0.5963083142398288 0.38182987752675385 0.03477788436830831 0.07007118906064208
0 0.5604602395610279 0.3847989548156956 0.0315676900428266 0.06888354340071344
0 0.5251472521413276 0.38064219560047563 0.030497549250535338 0.0700711165279429
0 0.48822915123126337 0.3806422140309155 0.032637766059957184 0.0748217360285375
0 0.42081341970021413 0.25118868906064207 0.037988176659528895 0.0676958442330559
