1 0.5546285041761579 0.21800778571428572 0.04097113439635543 0.06681761451247167
0 0.5849774593773728 0.881087391723356 0.04400597722095672 0.06342009410430847
0 0.5789076818526956 0.5215181967120182 0.04704095823842066 0.060022574829931966
0 0.7025798545937737 0.5662519671201814 0.040971135155656785 0.06795005215419506
0 0.8376328591495824 0.6534545623582766 0.039453643887623506 0.07021506575963725
0 0.9525796689445709 0.39750929138322 0.03869499164768425 0.06115511564625855
0 0.8034902467729689 0.42129181009070293 0.040971134396355254 0.06568510770975061
0 0.6619880926347761 0.23046529875283447 0.03869499164768416 0.05775757936507936
0 0.55538722627183 0.30634290532879815 0.03945369020501139 0.0577575612244898
0 0.2708653804100227 0.6058895260770975 0.04400606985573271 0.05662505442176874
0 0.41426435155656793 0.42242428231292517 0.04704095823842066 0.05889006802721093
0 0.16919621943811694 0.4388455413832199 0.040971134396355344 0.07134760657596377
