1 0.7446384803921569 0.39690721649484534 0.04013480392156863 0.08247422680412371
1 0.7392769607843137 0.28898195876288657 0.04718137254901961 0.08827319587628867
1 0.49831495098039214 0.5028994845360825 0.03707107843137255 0.08440721649484537
1 0.23008578431372548 0.7329252577319587 0.0392156862745098 0.08440721649484537
0 0.8167892156862745 0.03672680412371134 0.0392156862745098 0.06958762886597938
0 0.6599264705882353 0.8279639175257731 0.04105392156862745 0.08891752577319588
0 0.6609987745098039 0.5019329896907216 0.033394607843137254 0.08634020618556701
0 0.6603860294117647 0.3949742268041237 0.03829656862745098 0.08634020618556701
0 0.6609987745098039 0.2857603092783505 0.0352328431372549 0.0818298969072165
0 0.4341299019607843 0.5019329896907216 0.03615196078431373 0.08247422680412371
0 0.3005514705882353 0.7332474226804123 0.037377450980392156 0.07603092783505154
0 0.06158088235294118 0.09954896907216494 0.037377450980392156 0.07152061855670103
