2 0.8455725427027028 0.7942046235465117 0.06695457729729722 0.11014397383720935
2 0.8239742794594594 0.5869600159883721 0.05615537837837835 0.11304252034883722
2 0.8795897778378379 0.5869600174418604 0.0507559124324324 0.107245511627907
2 0.8547518016216217 0.3768168502906977 0.04859605945945938 0.10434698546511628
2 0.7678188675675676 0.2855132790697674 0.04967595351351348 0.1072454651162791
2 0.730561852972973 0.40290357994186043 0.042116633513513545 0.12173807848837209
2 0.4136075897297297 0.7927553924418604 0.06695454378378378 0.107245511627907
2 0.45140453405405406 0.6159452834302326 0.05183580540540542 0.11304252034883722
2 0.39200936 0.6130467572674418 0.058315264864864866 0.10724546802325578
2 0.6177110497297297 0.4318888691860465 0.05831523243243245 0.10434691860465117
2 0.4222468854054054 0.37536758720930236 0.0496759524324324 0.10724551162790696
2 0.3353139681081081 0.3101507441860465 0.05075587999999999 0.10434691860465117
2 0.2991368967567567 0.4000050523255814 0.041036673513513484 0.10434691860465117
2 0.1814264572972973 0.4246425188953488 0.07127421621621619 0.10144841569767435
