0 0.5397015204563336 0.18939684535104365 0.03380502517702596 0.08333301138519926
0 0.6308964716758458 0.24432089943074004 0.030660345397324925 0.08712089563567363
0 0.40330224429583006 0.7954552666034156 0.03301884264358777 0.08712090891840614
0 0.7044027285601888 0.5445092220113852 0.03301886703383165 0.08143908159392785
0 0.6855347734067664 0.7083343851992411 0.03144650354051923 0.07954519544592031
0 0.5758650424862314 0.36079775901328276 0.03380497718332016 0.07765122580645165
0 0.6305033926042486 0.4138279003795066 0.03144650354051931 0.08143911005692599
0 0.5172959276160505 0.5454561935483871 0.03301886703383165 0.07954513851992405
0 0.11517350196695514 0.651516444971537 0.03223267348544453 0.07575731119544593
0 0.11478041699449253 0.3342827030360532 0.03301884343036979 0.07386333776091084
0 0.34866394256490957 0.22632854459203033 0.03380500078678207 0.07765121062618595
1 0.9174529044059796 0.9214017741935484 0.03616354602675072 0.08143908159392794
1 0.8474843815892998 0.9176139174573054 0.03459123052714391 0.07386336812144213
1 0.7794812769472855 0.9166669468690702 0.033805024390243896 0.07954519544592031
1 0.7295598737214791 0.8049249240986717 0.034591182533438194 0.08333302466793165
1 0.7452831974822974 0.7102282998102466 0.034591134539732483 0.07954513851992405
1 0.7488209075531078 0.5464031356736243 0.033804976396538094 0.07765125426944962
1 0.44339656726986626 0.5416683074003795 0.036163498033044826 0.08712091081593924
1 0.49292484382376084 0.3570099022770398 0.03773581353265146 0.08143911005692599
