1 0.6920400976095618 0.8125868185595567 0.05273625896414348 0.05117552631578957
1 0.9676617016932271 0.10027834418282548 0.04278600896414349 0.05947429501385042
1 0.9437811802788846 0.027664371191135732 0.05273625896414337 0.04702619944598338
1 0.6552242265936254 0.0802230595567867 0.05472634561752998 0.052558714681440445
1 0.6636819118525897 0.3063636952908587 0.05970144123505976 0.05670806371191139
1 0.3497518869521913 0.5096828005540167 0.0547263157370518 0.0567080415512465
1 0.16069734412350598 0.3042890283933518 0.05273625996015936 0.06085739750692521
0 0.05970242878486055 0.7455053781163435 0.037810915338645425 0.05255870914127415
0 0.05920491434262948 0.6576770138504155 0.03681588645418327 0.05394180609418276
0 0.42139360358565736 0.5096828213296399 0.03283578884462151 0.05394180609418284
0 0.748756469621514 0.8098205817174515 0.040795983067729066 0.05394180609418276
0 0.8940299591633465 0.6867225837950138 0.036815870517928256 0.05117556925207763
0 0.9263682270916334 0.6196411218836565 0.03980094023904384 0.05532490304709146
0 0.9258707664342629 0.25726286634349027 0.034825845617529876 0.06638993490304707
0 0.881094670318725 0.02766437188365651 0.040795984063744996 0.05255866066481994
0 0.9582090039840638 0.18464885734072023 0.03980094023904384 0.051175548476454315
0 0.7273634646414342 0.30498058725761773 0.0378109750996016 0.051175612188365645
0 0.5855725657370517 0.0802230595567867 0.03681587051792837 0.05532495013850415
0 0.4935328570717131 0.07883994113573407 0.03582088944223104 0.0525587132963989
0 0.419403577689243 0.08022308587257619 0.03681590239043825 0.04979242382271469
0 0.22288634760956175 0.30359743698060937 0.03582085856573706 0.05117554709141275
