0 0.9487854251012146 0.30789648307896483 0.04008097165991903 0.07033842070338421
0 0.791497975708502 0.14698075646980757 0.038866396761133605 0.0617120106171201
0 0.8550607287449393 0.30690112806901126 0.038866396761133605 0.0630391506303915
0 0.6208502024291498 0.7836761778367618 0.041700404858299595 0.06370272063702721
0 0.37955465587044535 0.8078964830789648 0.04008097165991903 0.06569343065693431
0 0.27813765182186234 0.7538155275381553 0.038866396761133605 0.06370272063702721
0 0.3562753036437247 0.420371599203716 0.034817813765182185 0.06569343065693431
0 0.1382591093117409 0.3759124087591241 0.03360323886639676 0.0617120106171201
0 0.15242914979757086 0.10252156602521566 0.03603238866396761 0.0617120106171201
1 0.8744939271255061 0.145985401459854 0.051821862348178135 0.06370272063702721
1 0.5186234817813765 0.7866622428666225 0.05668016194331984 0.06569343065693431
1 0.23340080971659918 0.4489051094890511 0.055465587044534415 0.0683477106834771
1 0.20425101214574898 0.35567352355673526 0.051417004048582994 0.0676841406768414
1 0.23319838056680162 0.039814200398142006 0.04777327935222672 0.0676841406768414
