0 0.5723894833729215 0.596931580906149 0.030854407759303232 0.06300467637540454
0 0.9121836029295328 0.3949935202265372 0.028480946159936602 0.059773639158576065
0 0.9106012798891527 0.32391130339805824 0.0332277711797309 0.05977371359223302
0 0.479035124307205 0.1696305938511327 0.030854406967537596 0.06462019417475727
0 0.3330700316706255 0.5856230404530745 0.02848099445764054 0.05977366343042075
0 0.07397209936658748 0.8885302006472492 0.029272125890736345 0.06138922006472491
0 0.09414614568487727 0.4046865420711974 0.030063276326207436 0.06300467637540454
0 0.1922473499604117 0.25202132038834946 0.03006328107680126 0.0678511941747573
1 0.48892436619160734 0.5549284805825242 0.03639241726049088 0.06946669902912617
1 0.5727851001583532 0.697900642394822 0.034810094220110846 0.07431321682847897
1 0.4367092252573239 0.16801508818770228 0.03164554473475847 0.07108224110032363
1 0.32753206967537607 0.9135704660194175 0.03322781947743465 0.06946669902912607
1 0.07238981868566904 0.784330102750809 0.034018962787015036 0.07269771035598707
1 0.328718788202692 0.8449115444983818 0.030854431512272382 0.06785114401294508
1 0.37737382304038003 0.315833786407767 0.030063269200316683 0.06623571197411005
1 0.3326744750593824 0.4983857783171521 0.03085443072050675 0.06946669902912625
1 0.5332281334125099 0.9596124053398057 0.03322781868566911 0.06462023139158572
1 0.5344148392715756 0.8828759053398056 0.030854406967537596 0.06300467475728147
1 0.5799053127474267 0.9176093042071198 0.03481014251781469 0.06138922006472491
1 0.9620253562945367 0.3263345614886731 0.0316455930324624 0.0678511941747573
1 0.7670096231195567 0.650243221682848 0.03401895645288998 0.06946669902912617
1 0.8093355229612035 0.579968819579288 0.03164554473475856 0.06462018284789643
1 0.6293514972288203 0.0928941504854369 0.032436730007917636 0.06300472491909384
1 0.6289559524940618 0.15509107928802587 0.03322781947743465 0.06138913268608415
1 0.6293514972288203 0.2172880080906149 0.03401890894695168 0.06946672491909388
1 0.6024527529691212 0.36510667475728154 0.03401895645288998 0.0646201812297735
1 0.6032439144893111 0.2940244457928803 0.03243663341250994 0.06462018284789643
