0 0.8453277919354839 0.7127478066546764 0.06015034301075275 0.10412894064748202
0 0.04242860376344086 0.061044331834532374 0.06337264193548386 0.10412897661870503
0 0.08861544408602151 0.5053876007194245 0.06122441075268817 0.10233358992805762
0 0.298604485483871 0.682227237410072 0.062298534408602176 0.10771953237410065
0 0.412997452688172 0.6795342257194245 0.06337263870967742 0.10951490827338128
0 0.501611738172043 0.6822272652877699 0.058002069892473085 0.10412894064748202
0 0.5628361854838709 0.6804319424460431 0.06015027849462357 0.10771958633093524
1 0.7921591811827956 0.490127303057554 0.0633726720430108 0.10412891187050362
1 0.651450470967742 0.4856389964028777 0.06122443010752687 0.10951488129496403
1 0.5633732456989248 0.48922964208633096 0.06552094516129034 0.10233358992805758
1 0.47529598763440856 0.4883320080935251 0.061224431182795684 0.10053832194244604
1 0.6519875473118278 0.26571151708633095 0.06444675913978491 0.10412891187050356
1 0.5644473822580646 0.2657115512589928 0.06337267204301072 0.10053830755395683
1 0.4758330478494624 0.26571151708633095 0.06659496666666671 0.10412891187050356
1 0.3856075817204301 0.26660918525179855 0.06444675913978491 0.10233357553956833
1 0.298604485483871 0.26750684712230216 0.062298534408602176 0.10412889928057556
