1 0.3778836509528586 0.3020572699471782 0.08976930792377132 0.04809563525159855
0 0.43555667001003007 0.9517653600222408 0.08375125376128385 0.0408673894912427
2 0.700852557673019 0.9567695301640256 0.08475426278836509 0.045315540728384764
2 0.8154463390170511 0.9256324715040312 0.08324974924774323 0.04364748401445649
2 0.801654964894684 0.8805949402279678 0.08174523570712136 0.0408673894912427
2 0.7078736208625878 0.7593828190158466 0.07673019057171515 0.046983597442313035
2 0.6797893681043129 0.8420906310814568 0.07873620862587763 0.04892966360856269
2 0.49473420260782347 0.8811509591326105 0.07372116349047142 0.038087294968028915
2 0.40270812437311937 0.8172087850986933 0.07221664994984955 0.038087294968028915
2 0.4082246740220662 0.7567417292187935 0.08625877632898696 0.04892966360856269
0 0.24899699097291875 0.9038087294968029 0.07873620862587763 0.03892132332499305
0 0.24974924774322968 0.8192938559911037 0.07021063189568706 0.0461495690853489
0 0.24974924774322968 0.7474284125660272 0.0641925777331996 0.04809563525159855
0 0.3803911735205617 0.4056157909368919 0.08174523570712136 0.040033361134278564
