0 0.21269331564245808 0.32336738747228383 0.05718258938547486 0.05094124722838137
1 0.699442687150838 0.06478520454545454 0.06276136033519555 0.047618945676274935
1 0.7447703694134077 0.6821709611973393 0.05578792318435758 0.0509412815964523
0 0.40167481424581003 0.499446911308204 0.06415608938547489 0.048726388026607566
0 0.9658299029329609 0.14673417405764969 0.06555081983240225 0.05647834368070955
0 0.7914926962290503 0.32613594401330376 0.07670831983240216 0.054263502217294944
0 0.6687593296089386 0.6854931812638582 0.051603818435754255 0.0487264223946785
0 0.5941430412011173 0.687154292128603 0.058577255586592145 0.054263502217294944
0 0.5341710775139664 0.6832783564301552 0.0669455069832402 0.057585790465631996
0 0.6164582108938548 0.7607976402439025 0.058577254189944104 0.04651156430155213
0 0.5244081808659218 0.833887205654102 0.05299846229050276 0.05094121396895789
0 0.08438114315642459 0.5559252549889135 0.05997199022346369 0.053156073170731705
0 0.16108950279329606 0.052049871396895785 0.06834016201117317 0.04429675166297117
0 0.7008374175977653 0.14618045509977828 0.05718252513966485 0.0487264135254989
0 0.6094847094972067 0.14673417017738358 0.06415604748603357 0.05204866851441241
0 0.05300045251396648 0.07530569567627494 0.0557878966480447 0.04429675055432373
