0 0.534515352474323 0.5771614791344668 0.02985069374416435 0.05864181452859353
0 0.7915113716153128 0.21990928516228747 0.03451489635854344 0.06327144204018546
0 0.6763062605042016 0.2422857627511592 0.033582044817927155 0.05555541112828441
0 0.6338622647058824 0.22762528593508502 0.03824624743230624 0.05709862442040187
0 0.38572815406162464 0.946759325347759 0.03264922128851539 0.060185003091190147
0 0.5335825004668534 0.8981483616692426 0.029850692810457536 0.058641860896445124
0 0.386660977124183 0.6273157279752706 0.028917870214752586 0.06018505100463679
0 0.3372207198879552 0.3395077380216383 0.030783546218487393 0.05555541112828436
0 0.302705837535014 0.2716066931993818 0.03264922128851539 0.05555541112828441
0 0.23414244911297855 0.33873615533230295 0.029850707749766583 0.054012245749613594
0 0.12220226330532213 0.1844155255023184 0.03544773482726424 0.05709863678516227
1 0.5867541232492997 0.9012347874806801 0.033582044817927155 0.05246900927357034
1 0.5918847236227824 0.5802479057187017 0.03638054341736697 0.05864181452859353
1 0.7943098991596638 0.13348972952086552 0.03638054341736697 0.06635789180834621
1 0.6315302203548087 0.13966255255023183 0.035447747899159616 0.06327145440494591
