0 0.5640250586080586 0.1405515210355987 0.045121897435897444 0.05169613592233009
0 0.7835369181929182 0.34329734708737863 0.037804832722832776 0.050080677993527514
0 0.18353781013431017 0.8788371658576052 0.037804814407814406 0.05492719579288031
0 0.592683561050061 0.6987083956310679 0.03658532234432231 0.050080629449838224
0 0.46646421855921855 0.39257026132686085 0.04756088156288155 0.07108217961165049
1 0.6475615451770452 0.6995161480582524 0.051219451770451785 0.05492714724919093
1 0.6097567118437118 0.43376563349514563 0.060975536019536015 0.05654267799352756
1 0.7048785500610502 0.344912852750809 0.06341455799755795 0.05977366343042071
1 0.08109892857142857 0.8731829199029126 0.06219502442002442 0.05977366504854382
1 0.49207392551892554 0.141359286407767 0.06219504761904763 0.05977366343042071
