1 0.4172522296348315 0.31579159402460455 0.05469838623595511 0.07719276625659052
1 0.3906042759831461 0.7157903576449912 0.05189329915730332 0.0807015096660809
1 0.39130553792134826 0.7973690738137083 0.050490775280898875 0.07543837961335678
1 0.5021047914325844 0.9035090755711773 0.05329582162921346 0.0701752513181019
1 0.5624131832865169 0.9324563400702988 0.056100866573033745 0.06842083831282947
1 0.7412347471910112 0.8622811159929702 0.060308435393258385 0.0719296098418277
1 0.8197759992977528 0.8140356405975394 0.054698386235955035 0.07719273989455182
1 0.7405334859550563 0.7763164762741651 0.053295820224719084 0.0719296098418277
1 0.8681629480337077 0.3798264710017575 0.056100910112359556 0.0719296098418278
1 0.8688642092696629 0.45526485061511424 0.05469838764044941 0.0719296098418278
0 0.8772793462078652 0.09824840685413007 0.05189334129213475 0.07719271177504394
0 0.15077306460674156 0.11842378734622146 0.05189330898876405 0.0754383725834798
0 0.14937054213483145 0.2833355738137083 0.049088264044943826 0.06491206854130052
0 0.2945315435393258 0.5166681493848857 0.05610088764044942 0.0719296098418278
0 0.4172522296348315 0.4263175738137083 0.05189334129213483 0.0701752249560633
