2 0.6208058320268757 0.8097486469045121 0.06040259126539757 0.04507334207764949
2 0.18736120996640537 0.5759962948583421 0.06375831243001119 0.04507334312696755
2 0.18847975755879062 0.720650223504722 0.05928403471444568 0.040880488982161615
2 0.468121467525196 0.7295600430220358 0.06152118141097427 0.039832260230849965
2 0.560403258118701 0.6629982917103882 0.06487691937290034 0.036687636935991565
2 0.6224836836506158 0.598008850996852 0.06375829451287791 0.03249471983210907
2 0.46588433818589026 0.5110068546694648 0.06375832922732365 0.034591178384050375
2 0.6224837183650616 0.45807188982161595 0.05928400111982081 0.03563934312696747
2 0.620805832586786 0.31813491185729276 0.06263977267637179 0.04088045750262328
2 0.468121467525196 0.37054574658971673 0.06152118141097427 0.04297688457502624
2 0.47203646640537517 0.23270525131164743 0.06487688577827551 0.046121556138509975
