0 0.09090952033080635 0.7138219087947882 0.0358126616126809 0.0780485570032574
0 0.11294808028945555 0.3739853770358306 0.03305783528600966 0.07804858143322475
0 0.08505552687801517 0.32032697638436486 0.035123949689869066 0.07154450977198695
0 0.09194258028945554 0.5967490228013029 0.033746541695382486 0.0780485570032573
0 0.5241048907649897 0.3512212149837134 0.03305783528600962 0.0845526286644951
0 0.48037212853204686 0.369920351791531 0.036501379048931734 0.07967456351791528
0 0.41287906581667816 0.3699203884364821 0.046143250861474826 0.08292659771986971
0 0.4028928349414197 0.7861794087947883 0.03581266230186084 0.06991850488599356
0 0.3997936709166092 0.7048788167752443 0.03374655203308068 0.07317051628664493
0 0.6800965534114404 0.5422776319218241 0.036501337008959335 0.07642257654723122
0 0.8240358969676086 0.6089441262214983 0.036501379048931734 0.08292659771986977
0 0.8966942753273605 0.16829491286644951 0.03443527015851133 0.08617863355048859
1 0.48071648690558233 0.46992008061889246 0.03443522742935905 0.08455262703583066
1 0.43939419297036525 0.5772369079804561 0.037190053756030315 0.08130061726384359
1 0.41563391350792556 0.4739851311074918 0.037878771192281245 0.08943066938110743
