2 0.8887666240352811 0.9494386056338028 0.05947125689084894 0.1011227887323944
2 0.5187230556780595 0.4536560056338029 0.05286337706725471 0.10393178028169021
2 0.30341493054024254 0.4480381070422535 0.056167316427783914 0.09831379718309852
2 0.7373350705622933 0.43820673943661975 0.04955940242557883 0.10674072957746476
2 0.6762118269018744 0.3258480563380282 0.046255428886438785 0.09550486760563381
2 0.5594719128996692 0.23174765070422534 0.04845804410143327 0.1264034647887324
2 0.43116809040793824 0.23174768309859153 0.0473567541345094 0.1151676028169014
2 0.30121230650496145 0.22332078732394367 0.05396468357221612 0.09269592957746477
2 0.20484678721058436 0.23315214225352116 0.05286337596471885 0.11235868450704224
2 0.14482482635060637 0.31320769577464785 0.05616733296582139 0.09831381971830984
