0 0.6334645206286837 0.8890375957161981 0.05593710216110023 0.07753997858099065
0 0.7242397166011788 0.3609637115127175 0.054955802554027426 0.07753997724230254
0 0.8611384842829077 0.11497484805890228 0.05593710216110012 0.07219234404283803
0 0.7237490667976425 0.17446672690763051 0.05593710216110012 0.07620312717536813
0 0.2625129788801572 0.27607083601070953 0.05201174165029471 0.0788768688085676
0 0.38861688064833005 0.27740768607764393 0.05299311493123775 0.07352926506024099
0 0.5137394307465619 0.2747339350736278 0.05789984970530452 0.07352932663989288
0 0.5912663251473478 0.27673926104417673 0.05593710216110023 0.08021371887550201
0 0.5966637691552062 0.5594927724230254 0.056918520628683654 0.07887686746987951
0 0.3964677072691552 0.7212571807228916 0.06084389587426323 0.0788768674698796
0 0.2340537333005894 0.7192518447121821 0.0539744292730845 0.07486619544846052
0 0.07605584872298625 0.8435831546184738 0.05397443614931237 0.07486619678714868
0 0.07458382170923379 0.7159096184738956 0.05299308546168959 0.07620308701472563
1 0.0745838177799607 0.5802146572958501 0.05691849803536345 0.08021375903614454
1 0.23258169499017683 0.5808831024096386 0.05691850589390963 0.08155064926372158
1 0.39548636345776034 0.5808830823293173 0.056918491159135595 0.07620304551539492
1 0.7262024346758349 0.08155244645247658 0.05495580255402754 0.07219239491298528
1 0.3895982544204323 0.05949366465863454 0.0510303673870334 0.07620305890227577
1 0.33954921660117876 0.05414609973226238 0.05299308546168963 0.07352926238286478
