2 0.42830969693251536 0.09346715144596651 0.06249988711656442 0.05623089649923896
2 0.4552704233128834 0.5737092176560122 0.06740187239263803 0.050151899543378974
2 0.4172802889570552 0.5410344840182648 0.050245039263803665 0.054711095890410996
2 0.3247559343558282 0.5410344840182648 0.0612744282208589 0.054711095890410996
2 0.4019616625766871 0.8814592283105024 0.06617633865030675 0.051671601217656085
2 0.7683826656441718 0.6132227694063926 0.04656855092024548 0.06838891780821915
2 0.7702209098159509 0.37690112404870624 0.04779404785276069 0.05775063774733639
2 0.7101720141104294 0.26443938964992386 0.04779412147239268 0.05167164687975647
2 0.4387263196319018 0.3259894193302892 0.0710783226993865 0.05319139573820398
2 0.3841921 0.29255485844748863 0.05269599386503065 0.059270386605783855
2 0.19975610306748465 0.26063999771689494 0.053921489570552136 0.05319135007610351
2 0.11642290368098161 0.2613998713850837 0.06372540245398772 0.054711097412480966
