2 0.09956816088840736 0.7432434797114518 0.04328999458288191 0.03783783408476109
2 0.11039065601300108 0.7756758223624887 0.04978350270855905 0.04144138503156004
2 0.0524902908992416 0.7806308151487826 0.063852744312026 0.04774770964833187
2 0.04491453791982666 0.7319822182146077 0.0487012383531961 0.038738721370604225
2 0.11309628060671723 0.6977479896302975 0.04437225352112676 0.04234227321911632
2 0.14610490574214519 0.6567570482416591 0.04761899458288191 0.03963960955816051
2 0.21212213109425784 0.7463966415689811 0.0454544940411701 0.03873872227231748
2 0.4534638510292524 0.7990992610459874 0.04978349404117013 0.04504499098286752
2 0.4507582183098591 0.7274777245266005 0.05519475947995669 0.03873872227231737
2 0.3777063602383532 0.7220723155996392 0.05411249295774648 0.03513511632100989
2 0.3127713846153846 0.7189191262398557 0.06926399133261109 0.04144138503155993
2 0.3154769848320693 0.6779282128043282 0.059523726977248115 0.03513511632100989
2 0.2857151213434453 0.6432435130748423 0.06926399133261103 0.037837834084760984
2 0.417208488624052 0.29549605410279534 0.05086575947995666 0.041441412082957624
2 0.3571436126760564 0.2927933633904419 0.0714284582881907 0.03963958160504962
2 0.4675330828819068 0.30180237826871054 0.04978349404117013 0.04504496393146978
2 0.603896582340195 0.2923429197475203 0.06060599241603471 0.042342355275022545
2 0.4399357026002167 0.18828893733092877 0.05519472697724815 0.048648610459873745
2 0.36201374593716146 0.23558621641118127 0.07900425677139762 0.04234236970243464
2 0.31114798537378113 0.19864931785392245 0.06385272481040086 0.04234230027051399
2 0.11526078006500541 0.19864931830477908 0.044372236186348876 0.047747736699729475
