1 0.4424486834221038 0.16985901541666665 0.031936096537949425 0.05162362416666667
1 0.397205845539281 0.11573747958333333 0.03592812916111846 0.054954179166666665
1 0.4750501324900133 0.05245692333333333 0.03992012117177096 0.056619445
1 0.36992709254327566 0.6990010324999999 0.03459742476697736 0.05245620666666667
0 0.22055922303595205 0.9658618162499999 0.04324680159786952 0.04995829250000005
0 0.09148410019973369 0.9346378070833333 0.03659346138482023 0.04079925583333344
0 0.0492352879494008 0.8963364662499999 0.038589474700399466 0.04412984250000003
1 0.5545577496671105 0.5703583274999999 0.03393213315579225 0.04829305000000005
1 0.10845016178428762 0.88259796125 0.0385894673768309 0.04662780749999987
0 0.08017339314247669 0.6457121275 0.04058547869507323 0.04912567166666671
0 0.07285470106524634 0.5703583274999999 0.04058547802929428 0.04829305000000005
0 0.08250206790945405 0.46919273375 0.039920141145139816 0.04912572250000002
0 0.4574187539946738 0.5716072845833333 0.03925478894806923 0.04746037750000009
0 0.4394546691078562 0.7002499895833334 0.03925478961384819 0.04995829249999995
0 0.6623421171770972 0.70274793 0.039254829560585854 0.04662775666666666
0 0.5628744600532624 0.05412220125 0.041250825565912065 0.04829307249999999
0 0.4301399810252996 0.26852675125 0.04191611651131829 0.050790990833333376
0 0.3406523338881491 0.2427148945833333 0.03992014181091875 0.04746042916666667
0 0.28010677962716374 0.3255625279166667 0.037258813581890815 0.04829307583333332
1 0.31803091478029294 0.18401390041666665 0.03592812916111854 0.0499582925
