1 0.37224318445262194 0.7313024382801664 0.04044112511499538 0.06925191955617198
0 0.11305222769089235 0.19875501803051318 0.03492645538178472 0.05955668238557558
0 0.9489889553817846 0.42590137378640774 0.0487131858325667 0.05401653675450762
0 0.1102948753449862 0.7777012836338419 0.03676467617295308 0.059556683772538185
0 0.29917340616375343 0.4252088654646325 0.043198488500459965 0.05817158391123439
1 0.5041364650413983 0.9639890457697643 0.03952203219871198 0.06371181414701811
1 0.5831804737810488 0.9646814694868238 0.04136027414903404 0.06509683079056859
1 0.8221509103035878 0.530471801664355 0.04136027506899724 0.06371177253814149
1 0.7164524503219871 0.13158062760055478 0.043198516099355995 0.058171657420249635
1 0.6576289903403865 0.13088811997226074 0.043198516099355995 0.05955667267683772
1 0.5716915745170192 0.13088808807212204 0.03860291168353266 0.06232676699029127
1 0.5068937999080038 0.12881056518723993 0.04136021803127879 0.06371178224687933
1 0.2987138454461822 0.3040179757281553 0.04227936706531739 0.059556683772538144
1 0.44301520285188595 0.41759117406380025 0.04044115271389141 0.06232675589459084
1 0.4439343238270469 0.35387932801664357 0.040441153633854664 0.05401647295423023
1 0.44347476356945725 0.2901675665742025 0.04136027414903404 0.059556683772538144
1 0.44531297700092 0.2236856789181692 0.04319845998160074 0.059556683772538144
