0 0.6330588890728477 0.7824680975609757 0.049586668874172124 0.05194791544715448
0 0.5165302706953643 0.7913966731707316 0.05123951821192052 0.05357130081300812
0 0.42562139900662255 0.7832797666666667 0.054545294701986755 0.056818024390243894
0 0.4264478493377483 0.7175332414634146 0.05619819536423843 0.055194687804878025
0 0.2611590629139073 0.72402671300813 0.05619819536423843 0.058441409756097545
0 0.26115905049668875 0.659903475609756 0.05950397185430461 0.050324528455284574
0 0.38099341970198675 0.5081181967479675 0.0611568228476821 0.05194791544715448
0 0.780992369205298 0.23701498130081297 0.05454532119205291 0.05519466178861788
0 0.7041330397350993 0.17938526991869921 0.056198221854304585 0.047077817886178874
0 0.451241196192053 0.2532487325203252 0.052892418874172197 0.0519478650406504
0 0.18760552317880796 0.3563328682926829 0.05123951986754968 0.05357130081300812
0 0.2652912640728477 0.2386383674796748 0.05123954470198673 0.055194663414634186
1 0.4264478493377483 0.6501632569105692 0.07272710264900666 0.06331151869918697
1 0.1090933534768212 0.3547094943089431 0.052892425496688746 0.05681804878048778
