0 0.3892640359116022 0.18578610316139765 0.03251532780847142 0.042393968386023294
0 0.7837424002455495 0.8295927891014976 0.034969285451197055 0.04655022379367717
0 0.8395706092694906 0.8308396680532446 0.03251536464088398 0.039068948419301155
0 0.8868098717004297 0.8333334517470883 0.027607373848987017 0.04571898835274548
0 0.8849694128299569 0.735245410981697 0.03742328115408235 0.04738151081530784
0 0.8398773588090853 0.734414149750416 0.03312886372007364 0.04073147088186351
0 0.4294480613873542 0.3906903768718802 0.02576683977900555 0.04821279700499171
0 0.20368126642111725 0.3956778552412646 0.02944783302639654 0.046550249584026614
0 0.082208934315531 0.3790527953410982 0.02699385144260282 0.043225229617304496
0 0.03834392111724985 0.30465552287853576 0.03128833210558625 0.04073149667221296
1 0.17208619674647024 0.3025773569051581 0.028834352977286676 0.046550249584026614
1 0.13220891620626152 0.30133047753743764 0.030061341313689375 0.04904400831946755
1 0.08128868845917742 0.3275150166389351 0.030061341313689382 0.04488772712146425
1 0.8113497366482505 0.8969244168053245 0.031288367096378146 0.04488775207986685
1 0.8831288787599754 0.8977556530782029 0.03619635788827498 0.04488775207986685
1 0.9518404889502763 0.7755612387687187 0.03251528974831191 0.04156270715474214
1 0.8374233631062 0.644223027454243 0.03312886372007364 0.04156270715474214
1 0.6521473809085329 0.32959315723793675 0.03067486863106196 0.042393968386023266
1 0.5411044613259668 0.15835471006655572 0.03558278391651317 0.04571898752079866
1 0.4619633888888889 0.15752344883527455 0.03435582381829344 0.04073149667221298
