0 0.3579821110458284 0.5017367786790267 0.04929571445358407 0.045138857473928096
0 0.6942492614571093 0.6539356500579374 0.048122024676850825 0.0439814530706837
0 0.09624538131609871 0.7847225330243337 0.049295705052878974 0.053240690614136645
0 0.09683223501762633 0.6145838516801855 0.0504694124559342 0.04166657242178449
0 0.6936624347826087 0.33275552085747395 0.04929567802585202 0.04282401274623403
0 0.21068183019976497 0.3310193783314021 0.04577457461809635 0.04629622595596755
0 0.491197884253819 0.15914464831981462 0.04577457461809642 0.04282400347624565
0 0.41490689717978846 0.1603020480880649 0.048121989424206764 0.04745366743916569
0 0.27288832726204465 0.10821881112398608 0.04342719506462986 0.049768468134414844
1 0.611502892479436 0.6539356506373116 0.06572765569917743 0.04861107184241024
1 0.026409794947121035 0.6163199414831981 0.05046941363102233 0.04976844148319818
1 0.27230147297297297 0.5028941836616454 0.06572760164512338 0.04745366743916564
1 0.6050475105757932 0.3315980984936269 0.0669013078730905 0.04745366628041716
1 0.35622155875440664 0.10821877983777521 0.0669013078730905 0.04513880417149478
1 0.12265379494712104 0.32928328910776367 0.06690132667450059 0.0451387867902665
