0 0.23713349877300613 0.8226837965627498 0.05269601349693251 0.03354630775379692
0 0.23468251595092027 0.6122206974420463 0.05269599386503068 0.031150128697042333
0 0.23345702024539877 0.39456911031175057 0.05024500245398774 0.03514376019184654
0 0.2322315429447853 0.10503253916866506 0.05269599386503068 0.03434503357314149
1 0.5171575815950921 0.9221246051159074 0.05637244417177911 0.037539889688249305
1 0.5165448521472393 0.8809905199840128 0.05269599386503065 0.03514375939248599
1 0.5159320858895705 0.7116615303756995 0.05392145276073621 0.03354630775379701
1 0.5134811496932515 0.6713260739408473 0.053921489570552136 0.03753989048760991
1 0.15747675030674846 0.8214857557953639 0.05269599386503068 0.03753993844924067
1 0.15318755153374233 0.6126200359712229 0.05392149079754602 0.03674116386890491
1 0.5159320858895705 0.49520798401278976 0.05392145276073621 0.036741211830535574
1 0.514706626993865 0.4528757366107114 0.05637244417177911 0.03514375939248608
1 0.15012382576687117 0.3961665383693046 0.057597950920245396 0.03833861630695445
1 0.5104173723926381 0.2084669360511591 0.05269599386503065 0.038338628297362086
1 0.5079664355828221 0.1669334332533973 0.05759794110429447 0.03674118784972022
1 0.7169122055214724 0.04393030055955236 0.053921527607362 0.033546313349320546
1 0.15931498527607363 0.10623061630695443 0.061274409815950934 0.039936068745004
