2 0.2991703155339806 0.5585270318877551 0.05540155201109572 0.09414696173469388
2 0.3026329285714286 0.4402071900510204 0.054016514563106764 0.09160248214285716
2 0.21399043273231624 0.5483489910714286 0.05401651595006935 0.09414696173469388
2 0.2209156158113731 0.6552185331632653 0.05124644105409156 0.0941469234693877
2 0.30609552011095703 0.6539462729591837 0.052631478502080435 0.08142440306122455
2 0.4307490332871013 0.5750663915816326 0.058171625520111 0.09160248214285716
2 0.7306099306518724 0.7188313545918367 0.05678661026352298 0.08905792346938762
2 0.7389202142857142 0.5165426096938776 0.05678656726768382 0.09160244387755105
2 0.6398898904299584 0.49745875 0.06371177253814149 0.09414696428571427
2 0.5588651067961165 0.4923697487244898 0.07340709292649097 0.09414696173469388
2 0.5574800700416088 0.37404988775510206 0.0789471969486824 0.08651340306122447
2 0.5270092413314841 0.28880869515306123 0.0678669459084605 0.08905794132653061
2 0.347646673370319 0.3295208864795919 0.052631457697642166 0.08905796173469387
