2 0.8945134183006537 0.3066271145610278 0.030698928104575196 0.07051249892933617
2 0.865120881372549 0.5181646081370449 0.03331155228758163 0.08333288650963598
2 0.899738745751634 0.5181646081370449 0.0320051607843138 0.08333288650963598
2 0.8089484323529412 0.36218243790149895 0.029392536601307216 0.0961534710920771
2 0.8331156411764705 0.28846479336188435 0.0320051607843138 0.0854696723768737
2 0.7413456137254901 0.38248149571734474 0.028739341176470572 0.06837574518201288
2 0.6655782062091503 0.6506426402569593 0.0431090908496732 0.09187993147751612
2 0.6538211996732025 0.5213697376873662 0.03396474836601304 0.08974314561027834
2 0.6178969640522876 0.28846478586723767 0.030045692810457533 0.0769226766595289
2 0.5966690163398692 0.35470378479657383 0.02547356078431367 0.08119623340471094
2 0.5293927562091503 0.3814131017130621 0.03331151241830061 0.08760642612419703
2 0.4392556183006536 0.5213697055674518 0.034617864052287575 0.08546970663811558
2 0.47191399477124174 0.5181645920770878 0.026779873202614383 0.08760642612419703
2 0.4568911683006536 0.3440201167023555 0.030698888235294104 0.07264921841541758
2 0.40594408627450984 0.28953317880085655 0.026779873202614383 0.07905946252676661
2 0.38373636503267977 0.348293573875803 0.02547352091503265 0.08974314775160602
2 0.3171132905228758 0.38461821627408993 0.030698868627451015 0.08546970449678802
2 0.2606143029411765 0.5203013618843683 0.03004571307189543 0.08760639400428263
2 0.2266495748366013 0.5224380985010706 0.035271039869281054 0.08333292077087794
2 0.24951044215686274 0.35043032655246253 0.03527105947712418 0.07692269164882229
2 0.1923582885620915 0.2831229186295503 0.03200522026143791 0.08760641113490364
2 0.1704771751633987 0.35256708029978584 0.02482036470588235 0.08974314561027834
2 0.10581357352941176 0.3920968361884368 0.027433038562091512 0.07905947965738762
