1 0.06564523288749016 0.9447425655209453 0.04638361762391817 0.06115873361976364
1 0.06446598701809599 0.8755366310418905 0.04874210936270653 0.0665235349087003
1 0.6713838375295044 0.07135297583243824 0.04245280802517706 0.06545056390977443
0 0.26847528402832416 0.9565451321160042 0.038521971675845805 0.05472093447905481
0 0.7700473355625492 0.9533261997851772 0.046383645161290246 0.0654505349087003
1 0.8439466475216364 0.8771460644468314 0.04166669866247053 0.06330466809881848
1 0.2114784846577498 0.29828407787325456 0.04088049252557043 0.06223168528464018
0 0.9418239398111724 0.8776825311493018 0.04874207002360341 0.06437760150375932
0 0.7393869421715186 0.8792919645542427 0.046383645161290336 0.061158734693877496
0 0.5463839095200629 0.8776825639097745 0.04559748701809595 0.06223166917293232
0 0.38679283516915813 0.8036482636949517 0.0471697789142408 0.06008573469387749
0 0.2932394346970889 0.7398071616541353 0.039308153422501976 0.056866868958109516
0 0.23545642918961449 0.6765024940923738 0.04795593627065304 0.061158734693877614
0 0.06564522856018883 0.620708559613319 0.047955942564909516 0.06330460150375944
0 0.9433963033044848 0.1673829500537057 0.04402512431156566 0.057939867883995695
0 0.7838051931549961 0.1593357454350161 0.045597487804878094 0.06330461009667025
0 0.6878932950432731 0.2092283925886144 0.04716975452399687 0.062231685284640154
0 0.6033807328874902 0.2092283925886144 0.047955961447679024 0.062231685284640154
0 0.16391561487018097 0.38894922126745435 0.046383621557828464 0.06330460150375938
