1 0.9176205619266055 0.1576313879396985 0.10068595871559641 0.04618468944723618
1 0.14073678096330275 0.15461931859296485 0.1029742866972477 0.05020074170854271
1 0.6109860619266055 0.15512134020100501 0.096109371559633 0.04518064623115579
0 0.8855841399082569 0.8910643613065327 0.09153271559633035 0.03714857185929654
0 0.8810075183486239 0.8338355291457287 0.08695612844036696 0.03714857185929654
0 0.8832958119266056 0.7801206653266333 0.09153271559633022 0.04016058090452264
0 0.8821516823394495 0.7218878201005026 0.0892444564220183 0.03815255477386929
0 0.9107556479357798 0.6726910924623115 0.10526261697247717 0.04216860703517588
0 0.5480572580275229 0.7143577386934673 0.08466769495412847 0.035140546733668315
0 0.5526339678899082 0.6746991185929647 0.0938210458715596 0.03815255477386929
0 0.300918998853211 0.8227913552763819 0.08466773165137619 0.03714857185929654
0 0.5160208532110092 0.7866467959798995 0.10297428899082571 0.039156598994974895
0 0.6498874701834864 0.819779316080402 0.07780281651376149 0.043172650251256245
0 0.6681939575688073 0.8619479537688443 0.07780281422018352 0.03714857286432166
0 0.5320390642201834 0.8885543135678392 0.09382100917431191 0.04016058090452253
0 0.3844425837155963 0.9272089206030151 0.08237943807339446 0.04317265125628148
0 0.22426037385321101 0.9021085346733668 0.08695607798165136 0.03714857286432155
0 0.16705243922018348 0.7846387698492463 0.08237942889908255 0.039156598994974784
0 0.20023304013761467 0.7133536638190954 0.08466773165137612 0.03514048542713569
0 0.044627451834862386 0.8935744090452261 0.08466774770642202 0.04016058090452253
0 0.042339133027522936 0.8353415331658292 0.08009111009174312 0.04016057989949752
0 0.044627451834862386 0.7806226874371859 0.08466774770642202 0.04116462512562813
0 0.04005081766055046 0.7264058939698492 0.07551447935779816 0.039156597989949776
0 0.04005081766055046 0.675201140201005 0.07551447935779816 0.03915659798994966
0 0.7242577580275228 0.4312254783919598 0.08924438761467889 0.03915662914572865
0 0.9176205974770643 0.3007035452261307 0.08695605733944944 0.037148541708542676
0 0.2700267144495413 0.38253074170854273 0.09153269954128442 0.03614449849246237
0 0.139592621559633 0.30271157135678395 0.07322615137614678 0.03714854170854273
0 0.4359297442660551 0.1666674894472362 0.08924438761467889 0.038152584924623124
