1 0.8392359034514926 0.8910793056133056 0.040074476679104465 0.08921125571725574
1 0.20736322854477612 0.6825740124740125 0.03261879291044775 0.0829871933471933
1 0.1742784375 0.6804993243243244 0.03541469589552238 0.0829871933471933
1 0.08434375699626866 0.6804992931392931 0.03634665578358208 0.09128587941787938
1 0.48462301212686565 0.5414957536382536 0.03914255223880594 0.09128594386694384
1 0.40959977378731344 0.33921445945945944 0.04007450466417913 0.08506187941787946
1 0.33644047061567167 0.3381771153846154 0.044734329291044816 0.08713656756756757
1 0.04520120289179105 0.0695061185031185 0.041938452425373134 0.09750997089397091
0 0.5806154850746269 0.3412891476091476 0.03727858768656712 0.08091250311850312
0 0.6118363055037314 0.30290759875259876 0.03448275652985073 0.08713653638253638
0 0.5107180750932836 0.16805337110187113 0.03727864458955226 0.09543528690228692
0 0.0433372723880597 0.902490024948025 0.040074522388059704 0.07883781704781709
0 0.1248842639925373 0.9076767442827443 0.039142552238805965 0.0850618794178794
0 0.2045673255597015 0.9076767442827443 0.04566630970149254 0.08091250311850307
0 0.28611430830223883 0.9076767442827443 0.04100651585820894 0.0850618794178794
0 0.4082018157649253 0.904564712058212 0.03355077518656716 0.09128594386694379
0 0.4077358390858209 0.5352717224532225 0.04007450466417908 0.08713650519750524
