1 0.6607008677591464 0.831553586005831 0.03731909070121956 0.0475727813411079
1 0.6603200724085365 0.7820390680272109 0.03655749999999999 0.04563104567541301
1 0.1633668239329268 0.8291263858114675 0.03884232926829267 0.04466011856171046
1 0.16336682393292684 0.7786409698736637 0.04036555640243902 0.04854365014577259
0 0.0677842480945122 0.8752428357628766 0.03503425533536586 0.0475727813411079
0 0.06854585327743903 0.7786409698736637 0.033511022103658535 0.04854365014577259
0 0.06854586166158537 0.6834954650145773 0.03503425533536586 0.042718440233236135
0 0.774181412347561 0.8776700068027211 0.03427263567073169 0.04854365014577259
0 0.7726581852134147 0.7800973313896988 0.03274945579268297 0.0475727813411079
0 0.7730389805640244 0.6864080699708455 0.035034226371951256 0.044660176870748323
0 0.7863672073170732 0.49514608892128276 0.03274940853658544 0.04854362001943631
0 0.6744099363567073 0.4951460889212828 0.04188877210365855 0.04271841107871726
0 0.5613102332317074 0.4946606695821186 0.035034272865853665 0.04563098542274056
0 0.37471474657012194 0.4344665855199223 0.03198779496951219 0.03980580660835762
0 0.03617725228658537 0.49368977162293487 0.034272634146341456 0.04951451895043728
0 0.14889615320121952 0.4922334839650146 0.03427264786585365 0.04271841010689996
0 0.17974153353658537 0.183010490281827 0.03808072713414635 0.04368930903790087
0 0.2798937820121951 0.187379434888241 0.031226181402439025 0.04466016229348883
0 0.2806554073932927 0.067962055393586 0.0342726592987805 0.04077664139941691
0 0.17859910175304877 0.06359314042759961 0.03274940929878048 0.0475727628765792
