2 0.676287865625 0.8579388303903346 0.07332272500000006 0.03899721096654266
2 0.6840881109375 0.9048283234200744 0.08268313437499994 0.045496717472118975
2 0.57878415546875 0.9350047342007435 0.09048342656249994 0.04642523420074355
0 0.31903440937500005 0.93407618866171 0.07644286250000003 0.04085418773234213
2 0.3759765625 0.8579388303903346 0.07488279374999998 0.04456819981412638
2 0.5631836171875 0.8161561533457249 0.08112301875000005 0.04085418773234203
2 0.28081299140625 0.80222856598513 0.0811230421875 0.046425178438661695
0 0.14898803828125 0.8862582067843866 0.07332276093750001 0.045496716542750844
0 0.15054810000000002 0.759517343866171 0.06396241249999998 0.04828221189591084
0 0.154448240625 0.6959148248141264 0.06864258125 0.04178270539033462
0 0.781591796875 0.35979628996282526 0.07800293125000009 0.052924684014869876
0 0.746490478125 0.3017647755576208 0.07956294999999995 0.0464252630111524
0 0.12480712578125001 0.3611890232342007 0.0780029171875 0.04828223977695166
0 0.08502563203124999 0.30315752276951674 0.07020263593750001 0.04549668866171002
1 0.11856690078125001 0.2497685232342008 0.0811230546875 0.05199625278810409
1 0.781591796875 0.2493042788104089 0.08112297187499999 0.052924741635687736
