0 0.33911990384615387 0.23433051978764477 0.029758235732009933 0.04628733108108106
0 0.3384999540942928 0.28399292905405404 0.03099813523573205 0.045323022200772216
0 0.35864871184863517 0.3519774623552123 0.02913822890818858 0.05014456370656371
0 0.3890268973325062 0.13548777364864867 0.027898329404466463 0.04339436196911197
0 0.4922506743176178 0.4122474256756757 0.02851829776674938 0.04146570077220076
0 0.45722276085607944 0.3032793320463321 0.02913822890818858 0.04918031467181467
0 0.900495997828784 0.7569915593629344 0.03409797952853593 0.05593053185328185
0 0.9655920741315136 0.5342337707528958 0.04029759119106711 0.054001856177606174
0 0.8849969299007444 0.5303765371621622 0.03161810421836215 0.050144622586872606
0 0.8530689171836229 0.5192868585907336 0.03347801054590569 0.05110896042471045
0 0.8267204720843673 0.4643206505791506 0.031618104218362295 0.05496622393822391
0 0.7944824370347394 0.5216976148648648 0.03285796588089323 0.05014456370656377
0 0.7076876808312655 0.7304727562741312 0.030378166873449134 0.051108931467181457
0 0.7067577276674938 0.8693347765444015 0.03099813523573191 0.045323022200772216
0 0.5043399137717122 0.9286403875482625 0.03285800372208441 0.04628733108108106
0 0.39770638430521094 0.8606558547297296 0.03409794106699757 0.051108931467181457
0 0.502790029776675 0.8090647992277992 0.02851829776674938 0.05014456370656377
0 0.4851210902605459 0.7439732499999999 0.02913822890818865 0.04532296332046326
0 0.464662348325062 0.582931930984556 0.031618103598014896 0.043394346525096536
0 0.45567285825062037 0.5356802625482625 0.027278360421836293 0.04725163899613905
0 0.48295121867245655 0.6837032717181467 0.03471791004962781 0.04435865540540538
0 0.36887810204714644 0.7820638706563707 0.03471791004962781 0.0462873301158301
0 0.18505920905707196 0.31581547249034747 0.03037814764267988 0.041465759652509655
0 0.2095477388337469 0.4296051375482625 0.030998135235731982 0.045323022200772216
0 0.21047766346153848 0.4855356549227799 0.031618084987593074 0.054966194015444066
0 0.20830781048387098 0.27820703523166024 0.03223805397022335 0.04146569980694985
1 0.06478647549627792 0.5964323947876448 0.03533786910669976 0.04725163899613905
1 0.2991323352977667 0.8683704097490347 0.030378166873449134 0.04918025579150578
1 0.3000622788461539 0.7820638416988417 0.032238053970223314 0.05207323938223944
1 0.7510850400124071 0.731919248069498 0.030378166873449134 0.04435871428571433
1 0.7513950245037222 0.8698169309845559 0.03223807258064521 0.04628733108108106
1 0.8605084289702234 0.6904535183397683 0.0309982115384616 0.055930530888030884
1 0.8279604094292804 0.38235355791505793 0.03037816625310167 0.05110893050193049
1 0.398016330955335 0.582449777027027 0.03347797208436719 0.05207323938223934
1 0.3998762183622829 0.6822568088803089 0.03099813523573205 0.05303754826254829
1 0.42467474162531016 0.34860232432432436 0.02975819789081882 0.04918025482625487
1 0.12430288058312654 0.319190611003861 0.03285801302729529 0.04243006756756759
1 0.3019221566377171 0.2873680670849421 0.03471791004962777 0.05207329826254823
1 0.30347205986352355 0.23625915154440152 0.02913822890818858 0.044358743243243216
