1 0.8095993796198522 0.251535524577573 0.03691976029567047 0.05521457296466972
1 0.8755275638859557 0.523007277265745 0.04008437170010566 0.049079626728110566
0 0.8512659931362196 0.6334364462365591 0.03164553643083427 0.046012164362519176
0 0.818565586061246 0.5713200491551459 0.033755277719112936 0.05368084178187407
0 0.7853377761351636 0.5222404231950845 0.03270034213305173 0.04754591858678951
0 0.6550636494192186 0.523007277265745 0.035864954593453006 0.04601221044546846
0 0.5712030205913411 0.5222404001536098 0.03691976029567047 0.04447845622119812
0 0.49578114625131997 0.5237741075268817 0.033755244984160535 0.05368088786482335
0 0.43723694297782467 0.523007277265745 0.03481008236536431 0.04601221044546846
0 0.23734262513199578 0.4440197457757296 0.03375522914466738 0.04754591858678951
0 0.18249036378035904 0.4424859907834101 0.03164553643083421 0.04754591705069129
0 0.1708869973600845 0.25076867050691243 0.03375524498416051 0.04754589400921661
0 0.06065505649419218 0.07285497542242704 0.03481008342133051 0.05061337941628264
0 0.2700429994720169 0.25306926651305683 0.029535842661034834 0.042944701996927834
