2 0.7989278121645795 0.7400261791237114 0.05183194991055458 0.04890599226804125
2 0.764075263864043 0.6866157371134021 0.04647002862254024 0.05019299999999993
2 0.668007402057245 0.7387391713917525 0.04557633720930231 0.04890599226804125
2 0.47899951162790694 0.9305019967783505 0.050044624329159196 0.051479929123711396
2 0.46067960196779967 0.841699069587629 0.04736371735241506 0.05662796134020622
2 0.3771229230769231 0.9555984967783505 0.04110807871198571 0.05019292139175256
2 0.29535357021466907 0.8378381237113401 0.045576392665474065 0.051479930412371186
2 0.13896405098389983 0.7123557409793815 0.04200175491949911 0.05019299999999993
2 0.1184100049194991 0.4774783614690722 0.05272561270125223 0.04633193685567008
2 0.48436146064400715 0.39189289561855667 0.05183194991055458 0.055340953608247465
2 0.37846341771019676 0.4285724085051546 0.047363663685152074 0.051479969072164976
2 0.8011619007155635 0.21106950064432992 0.047363663685152074 0.046331936855670115
2 0.66890111940966 0.20785200966494846 0.05093831395348836 0.050192980670103075
2 0.7622879382826475 0.14865005154639174 0.04825729874776392 0.05791498969072165
2 0.46067964311270126 0.31338595360824745 0.049151016100178926 0.052767015463917565
2 0.2949067388193202 0.33397793556701033 0.046470055456171756 0.05019290206185567
