2 0.3737319891994918 0.8068969046961326 0.07487299745870395 0.05241368784530382
2 0.5279195508259212 0.5696559930939226 0.0761420165184244 0.0524136878453039
2 0.5279195317662008 0.6255179343922652 0.06852778271918682 0.05103436878453034
2 0.5304576099110546 0.6786212817679559 0.07360393900889457 0.0524136878453039
2 0.44670139898348155 0.5889663059392265 0.07106590088945366 0.04965509254143647
2 0.37246295044472677 0.590345625 0.07233491994917404 0.052413730662983424
2 0.3013970692503177 0.5889663273480663 0.07233488055908516 0.0524136878453039
2 0.11929076048284624 0.1331050835635359 0.06091360991105463 0.048275752762430936
2 0.17956985959339264 0.37655292955801106 0.05710651207115629 0.04689651933701657
2 0.2747473614993647 0.31655305248618787 0.09010136594663277 0.05379298618784527
