1 0.865230804495074 0.37597134757281553 0.04676924076354689 0.12015463689320388
1 0.7338462789408867 0.17151475922330098 0.04492307758620687 0.1027128349514563
1 0.5947693885467981 0.2625996854368932 0.044923115763546816 0.11821665242718449
1 0.32769257697044335 0.31104911165048543 0.04738460960591133 0.12209259223300968
1 0.21076953109605912 0.27616551262135924 0.044923058497536965 0.11821660970873787
1 0.13446186330049262 0.35174662718446603 0.04246151724137931 0.1104647145631068
0 0.7356923673029556 0.33721180194174755 0.03999997598522169 0.10465081941747573
0 0.8950769584359606 0.5348854737864078 0.03876920012315278 0.10852673009708738
0 0.7360000609605911 0.7558148718446602 0.03938458866995071 0.11240269902912618
0 0.5950770825123153 0.42732775048543686 0.04430772783251229 0.10658871650485438
0 0.13569264347290638 0.5203506320388349 0.04123076970443349 0.11046468543689318
0 0.21569261391625616 0.43992456213592235 0.04738460960591133 0.1201545495145631
