0 0.10136560519125683 0.9213781383731212 0.04300339480874318 0.05477028381962857
0 0.4948807807377049 0.9218198200707339 0.03959042896174861 0.05918721043324483
0 0.9587030881147542 0.5878978297966402 0.04163823360655741 0.0521200839964633
0 0.8238908528005464 0.5856893660477454 0.042320793032786866 0.0512367197170646
0 0.6901025618169399 0.58392258443855 0.03822522609289609 0.051236719717064505
0 0.4662118504098361 0.5097177303271442 0.040955632513661244 0.04770310344827589
0 0.06006869979508197 0.5817141206896551 0.042320801229508195 0.0521200839964633
0 0.19522221892076502 0.5808307298850575 0.038225226092896206 0.05388686560565863
0 0.20921538285519126 0.21024796065428825 0.040273030737704926 0.054770269672855885
0 0.3532426345628415 0.22217378337754198 0.03890782786885244 0.053886893015030926
0 0.3539252359972678 0.0728805685234306 0.040273030737704885 0.05212010079575598
0 0.21058058606557378 0.06625514633068082 0.04027303005464482 0.056537010610079576
1 0.4143347400956284 0.8776502807250222 0.043685996584699495 0.04858652077807253
1 0.41399343954918033 0.9244700468611847 0.04163819193989069 0.05212013793103454
1 0.17986385689890713 0.9249117285587976 0.040273019808743184 0.04946993810786907
1 0.17883996994535523 0.8789753532272325 0.03959042896174865 0.04946993899204237
