0 0.7632824692671395 0.7783194567073172 0.055489829787234025 0.05846520365853657
0 0.6162933640661938 0.8434837896341464 0.047225411347517794 0.059683228048780484
0 0.6127514308510638 0.711937099390244 0.047225447990543706 0.059683228048780484
1 0.34769867139479904 0.850791931097561 0.06493498581560278 0.052375086585365764
0 0.30224418203309694 0.902558006097561 0.04250290543735222 0.0462849682926829
0 0.4049595141843972 0.7637031737804878 0.04722544680851062 0.04872101585365854
0 0.2190093451536643 0.7801464920731708 0.04840607328605201 0.052375086585365764
0 0.0779233670212766 0.7801464914634147 0.05903179078014184 0.05724718048780485
0 0.7638728368794325 0.07430102865853658 0.04722541134751766 0.051157057317073165
0 0.654663988179669 0.15103659268292682 0.04368349645390069 0.05115706341463414
0 0.2762701879432624 0.34165749878048784 0.044864158392435 0.04019485121951223
0 0.2780411453900709 0.2978085774390244 0.05076732624113473 0.04750299146341462
0 0.06375573995271867 0.42326515000000003 0.05430925768321514 0.049939039024390265
1 0.9557261365248227 0.9524970451219513 0.07201874349881798 0.05115706341463418
1 0.34474708806146576 0.850791931097561 0.07792198226950352 0.05481113292682921
1 0.48583304432624114 0.7630941628048781 0.06257369621749408 0.0523750865853659
1 0.2981119722222222 0.7600491036585366 0.060212407801418434 0.058465204878048765
1 0.5566711968085106 0.15286362804878048 0.07674135579196216 0.05481113414634147
1 0.12810038829787235 0.3605368640243903 0.04840606501182032 0.0560291573170732
