0 0.41448873118865864 0.6818188352601156 0.04466225845147218 0.05339094508670518
0 0.3366021139585605 0.6803758648843931 0.05446615594329336 0.059162911849710925
0 0.24128630806979282 0.681097350433526 0.055555486368593233 0.05771994075144503
0 0.5833338211559432 0.3441572138728324 0.049019550708833126 0.0476189104046243
0 0.579521203925845 0.2914877434971098 0.05010889858233376 0.05194792919075145
0 0.604575653217012 0.2481978200867052 0.04357297709923674 0.05483393497109828
0 0.49727727971646674 0.16378241184971098 0.055555503816793875 0.05339095375722543
1 0.7870372906215921 0.30736073193641616 0.05337680806979285 0.057719920520231206
1 0.4123100692475463 0.6132764429190752 0.05119821264994553 0.06349190895953756
1 0.3360574569247546 0.6154408981213874 0.0533768418756816 0.05916291184971101
1 0.2374736744820065 0.6053399320809248 0.05228751035986913 0.06204893930635836
1 0.6579524618320611 0.2481978309248555 0.05446612322791709 0.057719985549132984
