0 0.8326710266507555 0.3211693347953216 0.03418124184566428 0.06131369590643276
0 0.7249604120922831 0.49343173830409354 0.030206673031026247 0.05839400292397656
0 0.905802894192522 0.4956215307017544 0.03100158631662694 0.05401450584795321
0 0.3859304399363564 0.9065695423976609 0.0294117597454256 0.05839404678362582
0 0.4463437366746221 0.9072994656432748 0.027821931583134455 0.05401450730994151
0 0.3239273035003978 0.9051096959064326 0.02941173508353222 0.05255466081871335
0 0.2961053719172633 0.7525552894736843 0.02941173508353222 0.05401446198830411
0 0.2472182752585521 0.629197884502924 0.028616821002386626 0.0613136959064328
0 0.1045315723945903 0.0970822134502924 0.027821919649960215 0.054014511695906424
1 0.260731784407319 0.9058396191520468 0.031796475735879064 0.056934200292397666
1 0.5079494526650755 0.9072994656432748 0.030206673031026247 0.056934200292397666
1 0.6820351925218775 0.4948916067251462 0.03179645186953068 0.055474353801169586
1 0.602941423627685 0.5905118355263158 0.034181192521877526 0.056934200292397666
1 0.5393484717581544 0.5029207638888888 0.0310016356404137 0.056934200292397666
1 0.4419717597454257 0.5036506871345029 0.030206673031026247 0.05839404678362574
1 0.29610538424821004 0.6489058377192982 0.027821931583134455 0.05693420175438596
1 0.3799685994431185 0.5897818888888888 0.03020664836913287 0.05839400292397656
