1 0.7737734984639018 0.7267445074074074 0.09355803533026119 0.06659613650793653
1 0.6173321897081413 0.724630366137566 0.09969305222734252 0.07293862645502647
1 0.4953999562211982 0.7235732629629631 0.09202432718894013 0.06448193121693123
1 0.3704002603686636 0.7235732629629631 0.10276046850998459 0.06448193121693123
1 0.6180991129032258 0.5998947222222223 0.09815929800307219 0.06448193121693123
1 0.49386622503840244 0.597780580952381 0.09815929800307219 0.06659613756613758
1 0.3719339915514593 0.5977806132275132 0.09355808141321043 0.06448199470899468
1 0.2507686351766513 0.5993662031746032 0.09662554377880186 0.06342489312169308
1 0.1303701474654378 0.5983091 0.09815926881720431 0.06765317566137573
0 0.8473929831029186 0.8382665560846561 0.08128814132104457 0.06553903386243388
0 0.49386622503840244 0.8197676724867725 0.08588935637480791 0.06871027830687838
0 0.2860446351766513 0.8176534661375662 0.09355808141321047 0.06871027830687838
0 0.1342045015360983 0.8134251507936507 0.08128815207373272 0.06025364761904765
0 0.8872702227342549 0.12632231534391533 0.08742315821812609 0.0623678222222222
0 0.34816106758832566 0.3504235486772486 0.10122678341013822 0.06448196296296295
