1 0.6151971391162029 0.6801534296636085 0.06699327659574465 0.06259528440366974
1 0.09804162765957446 0.8603056934250763 0.0686272651391162 0.06259528593272172
1 0.6503277921440261 0.8687025527522937 0.06862728968903442 0.061068567278287494
0 0.8104580695581015 0.6954205948012232 0.0490195204582651 0.07480899082568804
0 0.7973861816693943 0.8717559908256881 0.06535931260229137 0.061068565749235505
0 0.561275701309329 0.8664124747706422 0.0637252978723404 0.056488411314984624
0 0.24346609165302782 0.8618324113149847 0.05228745008183306 0.05343497247706418
0 0.4509818764320786 0.7725196162079512 0.05882340589198037 0.06106861467889908
0 0.77532739198036 0.17404773241590213 0.06045736988543374 0.06106854434250762
0 0.3774526571194763 0.35114655810397555 0.055555402618657955 0.06412198165137616
