1 0.3782067215088283 0.30222279848754446 0.08974337881219907 0.04799996886120999
0 0.435898867576244 0.9520000306939502 0.08333309630818624 0.04088888523131664
2 0.7011225714285714 0.9568888709964413 0.08493571107544147 0.045333265124555
2 0.8157056187800963 0.9257778287366549 0.08333317014446226 0.04355553469750888
2 0.8020838314606741 0.8808889964412812 0.08173053290529692 0.04088883096085404
2 0.708334125200642 0.7595557215302491 0.07692286356340285 0.04711104982206404
2 0.68028927929374 0.8422223291814946 0.07852540288924562 0.04888883451957296
2 0.495193628410915 0.8813334016903914 0.07371778009630818 0.03822218060498219
2 0.4030464133226324 0.8173334790925266 0.07211519261637243 0.03822218060498219
2 0.4086553651685393 0.7568890987544484 0.08653822632423754 0.04888883451957296
0 0.24920065248796147 0.9040000889679715 0.07852542696629215 0.0391110996441281
0 0.2500019221508828 0.8195556966192171 0.07051262760834669 0.04622218505338072
0 0.2500019349919743 0.7475557428825623 0.06410239325842695 0.04799996975088976
0 0.38061058105939005 0.40577826734875444 0.08173058105939009 0.039999991992882566
