1 0.8205806034330986 0.24469942317487267 0.03693927200704229 0.03816795670628185
0 0.8777485968309858 0.18023809210526315 0.03518026584507043 0.03477520797962648
0 0.9397537874119719 0.2866841494057725 0.0395778600352114 0.03731978607809849
0 0.8447670198063381 0.2892286888794567 0.03254173151408449 0.03223070713073007
0 0.4533865083626761 0.8265480339558574 0.03430076320422535 0.03477522071307306
0 0.4547058023767605 0.8982189545840408 0.038698303697183106 0.03562339134125642
0 0.13104728917253522 0.8986430403225807 0.03342126144366195 0.033078878607809815
0 0.1306075343309859 0.828668513582343 0.03605977640845071 0.03731973344651948
0 0.45030826232394366 0.6060223153650255 0.047493383802816924 0.03647156281833612
0 0.4547057891725352 0.5356237546689304 0.04045728257042259 0.03477522071307306
0 0.1323665497359155 0.6085668539898133 0.03781878785211267 0.03307882682512733
0 0.13016778301056336 0.5368960110356537 0.03518027376760562 0.033927049235993274
0 0.4547057891725352 0.28498776825127337 0.045734351232394325 0.03731970797962646
0 0.45470577596830986 0.3549622822580645 0.03693929841549298 0.03647156281833617
0 0.13148704709507042 0.35835501867572156 0.036059782570422555 0.03477522071307301
0 0.13060752772887324 0.28456370882852294 0.041336805457746484 0.041560614601018654
0 0.4560250431338028 0.10390225976230899 0.03957783274647893 0.03986422750424448
0 0.45514555369718307 0.03604816638370119 0.04133681161971836 0.0347752156196944
0 0.12972802860915492 0.1081431345500849 0.03605978257042253 0.03647160865874363
0 0.13192679181338027 0.035199996604414266 0.0351802667253521 0.03477521222410866
