0 0.25187574324324324 0.8622403688969259 0.08095935435435433 0.049683775768535235
0 0.5509755135135136 0.7637761754068716 0.08845556756756756 0.042457070524412235
0 0.6589213190690691 0.7628728169077758 0.08845556606606605 0.047877113019891504
0 0.6596709474474475 0.6797653942133816 0.09295333633633635 0.04607045027124778
0 0.5494762567567567 0.6797653942133816 0.08845556756756756 0.04607045027124778
0 0.25412460435435436 0.2795850397830018 0.08545707657657657 0.046070423146473784
0 0.658171713963964 0.1793141356238698 0.08695635585585587 0.044263773960217
0 0.5494763025525525 0.17931412839059674 0.0794601216216216 0.046070423146473784
0 0.6566724346846847 0.09530335081374322 0.09295333483483485 0.04607036166365281
0 0.5434793003003003 0.0953033616636528 0.10044957057057062 0.047877141048824595
1 0.32983661936936937 0.9214092897830019 0.09895031381381383 0.04697378209764926
1 0.33133586411411414 0.338302226039783 0.1079457822822823 0.049683775768535235
