2 0.646722915162455 0.3338421251271617 0.06674679061371842 0.07215442115971515
2 0.859290498194946 0.33333400610376396 0.07576666305655833 0.07317065920651063
2 0.8668070403128759 0.719512473550356 0.06915217087845972 0.08536576907426242
2 0.8349369199759326 0.6173784287894202 0.07396271119133566 0.08841454628687696
2 0.6512328330324909 0.7210368626653102 0.07336135679903728 0.08231699084435401
2 0.6256766016847172 0.6178865793489318 0.07636798074608898 0.09146332349949138
2 0.33704174247894103 0.7200206241098678 0.07035475090252705 0.08841454628687696
2 0.30757691064981946 0.6148378016276704 0.06674680926594462 0.08943084638860632
2 0.12477481347773767 0.6814027863682605 0.0679494536702768 0.08434953001017301
2 0.09440802166064981 0.607723977619532 0.06734814079422383 0.07113812004069174
2 0.11936291516245488 0.3297771093591048 0.07636798074608905 0.06808934181078333
2 0.3334337918170879 0.32977714038657174 0.07155740433212997 0.07215442115971515
2 0.4897776762936222 0.13211473652085454 0.05953094464500601 0.07926819125127163
