2 0.3738104147794994 0.5778281036995515 0.049999904648390964 0.049272066143497786
2 0.3178581174016687 0.7021280470852018 0.05238087604290825 0.03807389461883406
2 0.7672622187127532 0.7984324910313902 0.04880942908224086 0.04927206726457402
2 0.6273814809296783 0.7351626748878924 0.04285711918951135 0.045912600896860944
2 0.6023815458879619 0.5890262757847533 0.04999997854588793 0.0425531367713004
2 0.651190993444577 0.5369546491031391 0.06428566030989281 0.04367294618834083
2 0.6190481805721096 0.24636154035874439 0.07380943623361141 0.042553118834080715
2 0.38511994159713947 0.2150065936098655 0.06785705363528005 0.044792808295964125
2 0.461310294398093 0.21556653251121077 0.046428548271752086 0.043672964125560515
2 0.4630960089392134 0.15397639293721974 0.04761895232419551 0.041433317264573985
2 0.619048126340882 0.1847714389013453 0.07857130631704412 0.044792808295964125
2 0.46666742073897494 0.09966519730941703 0.04523803575685343 0.044792748878923774
