1 0.5024603735632184 0.39066379109589044 0.057376904761904705 0.07517040410958901
1 0.584427355500821 0.39066379109589044 0.05737685550082108 0.07517040410958901
1 0.6663943390804598 0.3883858767123288 0.057376904761904796 0.0797262328767123
1 0.8368856748768473 0.3895248173515982 0.057376906403940824 0.07744835159817354
0 0.5295094958949096 0.5113920616438357 0.049180203612479545 0.07972623287671236
0 0.5836076904761904 0.5125310022831051 0.04918020525451557 0.07289259360730592
0 0.8770494885057473 0.6640108710045661 0.04918020525451557 0.07972626712328762
0 0.586066685550082 0.7482928961187214 0.050819535303776676 0.07972626712328762
0 0.5327881559934319 0.7414592237442923 0.052458863711001655 0.07517043835616447
0 0.4344277463054187 0.6446487910958904 0.05573752545155989 0.10478301141552518
0 0.3090182397372742 0.6503434908675799 0.05081953366174055 0.07517043835616434
0 0.06311727750410509 0.2722133652968037 0.0606555697865353 0.07972623287671236
0 0.3385263702791461 0.07631459703196347 0.057376881773399016 0.0797262305936073
