2 0.8660802969667319 0.552167090729783 0.044965770058708415 0.07283438264299802
2 0.5249271281800391 0.222443966469428 0.05865096281800385 0.07086581854043392
2 0.7346043595890411 0.2303179378698225 0.047898323874755386 0.06692890138067063
2 0.7130990225048923 0.6033480187376726 0.04594328767123295 0.0728343846153846
2 0.6945261795499021 0.47736424852071013 0.043988251467710404 0.07677130177514796
2 0.4799613874755381 0.6879933372781064 0.046920806262230906 0.06496042603550295
2 0.45356847504892367 0.7381899684418146 0.03714559589041098 0.07086585009861934
2 0.4071364280821918 0.7057097840236687 0.04398822211350293 0.06889737475345158
2 0.34701920303326805 0.5935054980276134 0.05474089138943245 0.06889737475345169
2 0.2668628806262231 0.39370315285996055 0.05474093542074363 0.07480285798816569
2 0.25953150244618395 0.5905527573964497 0.04398822211350293 0.07873980670611443
2 0.07624721722113503 0.6860248333333333 0.04887580430528376 0.07677133136094676
2 0.08308983219178083 0.5177184191321499 0.03714561154598825 0.07873983629191317
2 0.13001061252446183 0.390750426035503 0.041055675146771026 0.06889740433925054
2 0.217498301369863 0.15354660256410257 0.04985333072407046 0.07480286587771202
