1 0.501091086790393 0.886976296101949 0.04689195742358079 0.04940105097451279
1 0.768266402838428 0.18862454572713644 0.04907299781659391 0.053892086956521736
1 0.5147224994541484 0.13622946251874063 0.056706590611353726 0.05089805847076464
1 0.24809249344978165 0.17290603748125938 0.03598687117903931 0.04940108545727134
0 0.9362050687772925 0.9483534137931035 0.03380587991266375 0.04640712443778103
0 0.610142270742358 0.8899702676161919 0.03380587991266375 0.05239506596701662
0 0.8565977674672489 0.18937307346326834 0.03816789519650662 0.046407091454272846
0 0.6090517003275108 0.13847497451274363 0.03598688755458512 0.04341306146926537
0 0.33533341211790396 0.2949117526236882 0.033805813318777266 0.044910047976012
0 0.2977107516375546 0.17365454722638682 0.03271534388646284 0.04491004797601198
