0 0.12469716138855055 0.7330775562403699 0.042579019488428745 0.05692294915254237
0 0.16545136114494519 0.6500008320493067 0.0462286394640682 0.05384603389830509
0 0.0717775365408039 0.4746166402157164 0.04866173325213155 0.053846032357473046
0 0.5541369196102315 0.5284626725731896 0.04257904750304508 0.053846032357473046
0 0.564477509135201 0.05538685516178737 0.04379551278928131 0.06153831741140215
0 0.38138778258221684 0.09000215408320494 0.04501208891595616 0.05692293066255779
0 0.3108282795371498 0.09000215100154083 0.04257900974421438 0.059999852080123275
0 0.22202061266747872 0.13615587981510013 0.04501210718635809 0.05692292449922958
1 0.17031753471376368 0.5576933644067796 0.06326024360535933 0.05692294761171032
1 0.14781148538367844 0.47615507395993834 0.06447679293544457 0.05999986132511556
1 0.4774946802679659 0.5284626494607088 0.06690984531059681 0.05999981664098616
1 0.6362535895249696 0.054617626348228046 0.0656933057247259 0.059999859784283516
1 0.4653292618757613 0.09154061710323574 0.06690988306942748 0.05999985670261941
1 0.22445370219244823 0.05384839137134052 0.06447676613885507 0.05846138983050847
