0 0.7673633382533825 0.3808894198113208 0.028887571955719542 0.0646028746630728
0 0.7673633382533825 0.3035005943396226 0.028887571955719542 0.06594871159029649
1 0.2910266983394834 0.2664885613207547 0.032575281057810566 0.0780617857142857
1 0.8303626931119311 0.2860039973045822 0.031960575645756384 0.06594877358490565
1 0.7028274068265682 0.3358020215633423 0.03257520602706024 0.06594873315363879
1 0.6604180704182041 0.3156136260107817 0.0338045430504305 0.05787340026954177
1 0.6324525015375153 0.1318992911051213 0.02827290344403448 0.07267823989218329
1 0.5903504993849938 0.1325722459568733 0.03380454243542435 0.07133233018867925
1 0.5488631097785979 0.13055338140161726 0.029502127306273065 0.0699864204851752
1 0.5082976654366543 0.12786160916442046 0.034419173431734285 0.07536998652291103
1 0.466195663899139 0.1312263362533693 0.035033766912669156 0.07133233018867925
1 0.42501557041820415 0.1325722459568733 0.032575281057810566 0.06594871293800539
1 0.3832208650061501 0.13526399797843666 0.0338045430504305 0.0686405215633423
0 0.3684698013530135 0.9454913274932614 0.03257528167281672 0.06594873315363875
0 0.6902275132226321 0.8795425950134771 0.028272865313653132 0.06864053234501336
0 0.7486171371463715 0.5915215997304583 0.03196065067650678 0.06594873315363883
0 0.8773817601476015 0.38492709636118605 0.03134601968019685 0.06729463207547169
0 0.9188690747232473 0.4502028800539083 0.03196057503075031 0.06864053099730455
0 0.9016595258302583 0.6756399103773585 0.034419173431734354 0.06460287466307271
0 0.8414259720172202 0.6574703530997305 0.029502202337023394 0.06325697574123987
0 0.06853138806888069 0.46366181064690026 0.0313460196801968 0.06594877493261454
0 0.23417361408364085 0.4125179076819407 0.03196065006150063 0.07133233018867922
0 0.29071936408364085 0.4091531597035041 0.030731388683886814 0.06729463207547169
0 0.3325140885608856 0.41251788679245277 0.03196065067650678 0.07402408625336923
0 0.56207761500615 0.3808894198113207 0.035033766297663006 0.06998638948787066
0 0.6610327014145142 0.3963671576819407 0.0325752810578105 0.06594873315363883
