0 0.16415341497388278 0.7961581955128205 0.03364269878119559 0.053361745726495734
0 0.63660107225769 0.7289224284188034 0.02958239059779448 0.057630685897435883
0 0.6574827118398142 0.8500535101495725 0.028422261752756865 0.05656341773504272
0 0.6168794904236796 0.8847386613247864 0.02842226233313985 0.05336174572649561
0 0.7676915519442832 0.635539388888889 0.03074244805571685 0.05869795299145299
0 0.7543504286128845 0.8009607686965813 0.03190257632037135 0.05656341773504272
0 0.8152552608821821 0.42742861217948713 0.030742448636099835 0.06296682692307688
0 0.7604409082994776 0.46211374732905985 0.03132247707486946 0.05763071901709398
0 0.7230279161346489 0.4637145833333334 0.02958239059779448 0.0586978547008547
0 0.6693736569936157 0.5731061623931624 0.027842233313987236 0.051227275641025714
0 0.6220998911781777 0.6019215053418804 0.029582319791062083 0.057630685897435883
0 0.5936776114335461 0.5997870032051281 0.028422297736506046 0.05549621581196587
0 0.5574247124201973 0.6008542382478633 0.02668213987231575 0.053361745726495734
0 0.5269723139872315 0.5827112767094016 0.027262169471851415 0.057630685897435883
0 0.4936196474172954 0.5784423044871794 0.029002290771909474 0.05549621581196587
0 0.45533659460243764 0.5789759385683761 0.02784219791062104 0.058697887820512856
0 0.1896754358676727 0.5965852980769232 0.030162401625072534 0.04909280555555558
0 0.15197244254207778 0.5949844620726494 0.03132250319210679 0.05656341773504272
0 0.05916505107370865 0.09124972115384615 0.03248259663377829 0.05016005341880341
1 0.18619516540917005 0.5330848530982906 0.03248260591990715 0.05869791987179483
1 0.68880522431805 0.8030951736111112 0.02958239059779448 0.05656341773504272
1 0.9251740510737085 0.4642482168803419 0.03132247707486933 0.06403406196581196
1 0.7595708650609402 0.359125610042735 0.029582390597794612 0.05442894871794877
1 0.7212878296575741 0.3612600635683761 0.02958239059779448 0.05016004166666671
1 0.5959977977365061 0.4669163044871795 0.03074241265235052 0.05442894871794871
1 0.5582948441671504 0.4663826704059829 0.03306263435867671 0.06189962499999998
1 0.49332963319791057 0.4663826869658119 0.030742448055716784 0.05763065384615386
1 0.4553366123041207 0.4621137313034188 0.02900229135229246 0.06403409508547012
1 0.1606731404526988 0.8532552147435898 0.03132250377248986 0.06296682692307695
