0 0.08967838205128205 0.9514322256857857 0.04612002564102565 0.06973837406483785
0 0.5768670051282051 0.3692413291770573 0.04538797802197806 0.06600232917705738
0 0.41910722344322343 0.3667506645885287 0.04465591355311357 0.07098365835411473
0 0.1848467032967033 0.5523045798004987 0.04172763516483519 0.07596502493765592
0 0.19070321648351649 0.8953924775561097 0.04319176336996338 0.06724772817955113
0 0.2353591194139194 0.7970114918952619 0.04172765714285715 0.07721031047381537
0 0.27086425347985343 0.6799506664588529 0.03806733626373629 0.06973837281795507
0 0.3118598241758242 0.6811960274314214 0.03806733626373629 0.069738374064838
0 0.35285541684981686 0.6811959894014963 0.03953146520146519 0.07222901870324179
0 0.3964132344322344 0.6849319950124688 0.04172765714285715 0.06724772817955113
0 0.622621015018315 0.6830639918952618 0.04026352893772891 0.07098373441396505
0 0.876647189010989 0.38231727431421453 0.04172765714285707 0.06973833665835409
1 0.31222585604395603 0.42652640024937655 0.04319178534798536 0.07347434164588529
1 0.36530050769230765 0.42528109663341646 0.04392384908424904 0.07098373441396512
1 0.08858028571428572 0.8636366159600998 0.04392383296703297 0.07347437905236899
1 0.8748170285714286 0.4694902225685786 0.04245972161172156 0.07222901870324193
1 0.658492158974359 0.5635125211970075 0.04612004249084247 0.07596502493765585
1 0.6240851432234432 0.4259037387780548 0.04319178534798532 0.07471966458852865
1 0.1837486073260073 0.46139560598503737 0.04831621245421245 0.07845567082294264
1 0.0995612454212454 0.46139560598503737 0.04685209523809525 0.07596502493765592
1 0.27159630622710623 0.41345043640897755 0.0409955706959707 0.06724772817955113
