2 0.7943498710526314 0.4271533474801061 0.08541380263157895 0.06490056763925728
2 0.3344295296052631 0.6066231969496021 0.08015755131578946 0.0688740464190981
2 0.8055194256578948 0.6635767486737401 0.08147165394736841 0.07682104111405837
2 0.5098562743421052 0.6980137712201592 0.07621536184210527 0.06357608885941646
2 0.5893568138157895 0.607285476790451 0.07227321447368419 0.06225156896551723
2 0.5446788184210526 0.4443718381962865 0.08541380263157895 0.06225157029177725
2 0.5151125453947368 0.37218653381962863 0.07884352763157897 0.06357608885941646
2 0.2654414730263158 0.37086204509283827 0.07884348815789474 0.06887410610079578
0 0.2936937328947369 0.729139576259947 0.05650452105263157 0.06754956631299733
0 0.13797783092105262 0.4218553295755968 0.06044666973684211 0.06225156896551723
0 0.13929190394736843 0.5509941651193634 0.06044668947368422 0.060927049071618083
0 0.13994892039473683 0.6841065179045093 0.05650449078947369 0.062251568965517305
1 0.32720220460526317 0.970860974801061 0.05781852236842107 0.05827805039787796
1 0.21485024473684208 0.9688742559681698 0.06438885789473683 0.05695357294429708
